1
1	7	8	10	57
1	0	0	0	2	1	2	7	1	2	3	4	5	6	7
1	0	1	1	1	2	3	4	5	3	4	5	6	7
1	0	2	1	2	1	5	4	1	2	3	4
1	0	3	1	3	1	6	4	4	5	6	7
1	0	4	2	4	5	1	7	2	3	4
1	0	5	2	1	5	1	8	2	1	2
1	0	6	3	2	4	6	1	9	3	5	6	7
1	0	7	1	9	1	10	2	5	6
1	1	1	1	0	2	1	5	3	8	11	12
1	1	2	1	0	2	2	6	3	15	16	17
1	1	3	1	1	1	3	3	19	20	21
1	1	4	1	1	2	4	6	3	24	25	30
1	1	5	1	2	2	4	5	3	31	32	33
1	1	6	1	3	1	6	3	35	36	37
1	1	7	1	4	0	3	40	41	42
1	1	8	1	5	0	3	46	47	48
1	1	9	1	6	1	7	3	1	2	3
1	1	10	1	7	0	3	52	53	54
1	2	1	9	6	1	9i	1	4	13	16	20	20	11	20	20	15	18	11	14	20	18	20	17	10	19	20	17	18	18	14	17	11	21	25	20	21	23	27	27	29	28	22
1	2	2	9	5	1	9i	1	5	17	10	13	10	11	19	17	13	20	10	14	14	18	18	12	15	14	17	17	18	13	17	17	11	28	26	24	22	26	24	22	26	23	22
1	2	3	9	3	1	9i	1	9t	11	15	20	13	16	12	18	12	15	17	19	20	16	11	11	12	19	12	18	12	20	13	12	12	23	29	29	20	30	27	29	30	20	23
1	2	4	9	6	1	1	2	5	6	16	15	13	19	16	16	20	13	18	18	14	16	10	10	15	18	20	11	16	15	10	13	11	18	22	25	26	24	30	22	30	20	26	29
1	2	5	9	5	2	2	4	1	7	13	15	11	16	12	17	17	18	14	10	12	20	11	19	15	20	10	14	11	20	10	18	18	19	23	22	25	22	26	20	29	26	30	25
1	2	6	9	2	1	4	1	7	10	14	12	18	14	20	12	12	11	11	19	16	16	11	19	16	13	15	14	10	12	11	12	12	24	24	29	23	23	25	25	23	22	24
1	2	7	9	7	2	5	6	1	9t	14	17	20	10	13	14	20	16	18	19	11	16	15	17	11	20	11	16	20	18	17	15	13	14	26	24	21	24	29	23	23	29	24	21
1	2	8	1	4	1	1i	1	9	10	14	16	17	17	11	10	15	14	16	12	19	11	11	20	11	17	13	10	17	16	15	15	17	26	30	29	21	24	30	28	22	28	30
1	2	9	1	4	2	8	14	1	10	19	18	15	10	17	16	15	19	17	20	10	13	20	17	12	12	19	20	20	10	13	19	20	20	24	26	21	25	29	29	22	24	20	24
1	2	10	1	7	3	9	13	14	1	1t	20	15	12	10	15	15	14	12	17	17	16	14	13	11	12	14	15	12	10	19	20	13	17	18	24	27	25	27	20	24	30	24	30	29
1	2	11	1	7	2	1i	12	1	14	15	13	15	15	17	17	15	13	14	16	13	10	13	11	18	10	17	17	17	20	11	14	19	15	25	27	21	22	25	20	26	29	28	26
1	2	12	1	5	1	1i	2	11	13	15	20	16	11	17	17	18	11	10	18	15	11	10	17	15	17	11	16	18	18	18	20	14	18	27	23	26	28	27	27	26	27	26	24
1	2	13	1	3	1	12	1	10	13	19	17	18	11	17	13	20	13	19	17	17	13	13	18	14	20	14	15	10	17	10	15	14	30	25	20	20	21	29	21	22	22	29
1	2	14	1	7	1	11	2	9	10	19	16	14	18	11	10	18	17	14	20	15	13	10	17	14	20	15	11	19	14	19	20	16	20	27	26	28	24	23	30	20	23	25	28
1	2	15	2	5	1	2i	2	16	18	14	16	14	17	20	10	15	15	12	10	15	19	15	18	13	14	17	10	19	17	14	12	12	20	24	21	29	20	22	20	22	21	25	25
1	2	16	2	7	3	2i	15	17	1	18	11	16	20	11	11	13	10	17	12	19	14	11	18	16	10	16	10	14	16	18	18	18	19	17	29	26	30	22	23	24	29	27	30	28
1	2	17	2	4	1	2i	2	16	18	18	12	10	17	10	15	11	15	19	16	11	20	16	18	17	11	18	12	11	12	19	16	15	14	21	27	30	20	24	26	30	26	29	29
1	2	18	2	7	3	15	16	17	1	2t	14	13	19	15	16	17	17	17	14	20	15	15	10	12	14	14	18	17	12	12	13	17	17	15	20	24	25	22	26	27	27	21	30	24
1	2	19	3	7	1	3i	1	23	12	15	20	20	19	14	15	15	19	15	19	17	10	18	14	11	11	14	12	17	16	13	13	12	20	29	22	21	20	27	27	21	27	23
1	2	20	3	7	1	3i	2	22	23	14	12	18	17	17	19	11	17	14	15	19	20	18	20	16	18	15	19	10	15	20	16	11	18	21	28	21	22	26	27	22	25	24	26
1	2	21	3	2	1	3i	1	22	11	19	11	18	12	17	13	15	18	18	12	13	19	19	10	19	13	18	11	16	16	18	15	19	23	23	25	21	23	27	26	29	30	29
1	2	22	3	4	2	20	21	1	3t	11	12	12	14	14	20	16	20	14	12	12	14	15	10	13	13	16	16	16	12	13	10	13	20	23	24	26	21	22	24	28	26	25	27
1	2	23	3	5	2	19	20	1	3t	20	12	13	14	15	15	12	12	18	15	16	15	11	14	18	17	14	11	20	11	16	10	18	16	20	24	28	26	22	26	24	20	22	24
1	2	24	4	6	1	4i	1	26	20	11	17	19	20	13	18	11	18	19	17	18	19	14	17	13	14	20	13	19	13	20	18	16	25	28	20	29	21	21	30	20	24	28
1	2	25	4	2	1	4i	1	27	16	12	11	10	11	11	12	11	14	16	14	19	13	17	11	15	11	12	14	18	18	17	17	11	21	28	27	30	30	20	20	28	27	30
1	2	26	4	6	1	24	2	27	28	10	14	17	11	19	16	20	10	12	19	12	11	13	16	11	19	12	20	20	20	14	12	11	19	21	24	25	22	30	30	23	24	26	25
1	2	27	4	7	2	25	26	1	28	18	12	10	17	10	15	11	15	19	16	11	20	16	18	17	11	18	12	11	12	19	16	15	14	26	27	21	25	29	23	25	24	28	25
1	2	28	4	7	2	26	27	1	29	14	13	19	15	16	17	17	17	14	20	15	15	10	12	14	14	18	17	12	12	13	17	17	15	29	30	30	24	28	26	20	28	30	23
1	2	29	4	7	2	28	30	1	4t	12	15	20	20	19	14	15	15	19	15	19	17	10	18	14	11	11	14	12	17	16	13	13	12	30	28	26	25	21	30	27	24	30	20
1	2	30	4	3	1	4i	1	29	14	12	18	17	17	19	11	17	14	15	19	20	18	20	16	18	15	19	10	15	20	16	11	18	26	27	24	22	23	22	26	25	25	22
1	2	31	5	6	1	5i	2	32	34	11	19	11	18	12	17	13	15	18	18	12	13	19	19	10	19	13	18	11	16	16	18	15	19	30	21	30	20	22	22	25	27	30	21
1	2	32	5	7	3	5i	31	33	1	34	11	12	12	14	14	20	16	20	14	12	12	14	15	10	13	13	16	16	16	12	13	10	13	20	26	24	27	24	20	23	29	29	21	25
1	2	33	5	6	1	5i	2	32	34	20	12	13	14	15	15	12	12	18	15	16	15	11	14	18	17	14	11	20	11	16	10	18	16	25	26	24	21	23	30	29	23	20	20
1	2	34	5	7	3	31	32	33	1	5t	20	11	17	19	20	13	18	11	18	19	17	18	19	14	17	13	14	20	13	19	13	20	18	16	23	25	29	20	27	24	28	27	23	30
1	2	35	6	6	1	6i	1	38	16	12	11	10	11	11	12	11	14	16	14	19	13	17	11	15	11	12	14	18	18	17	17	11	24	20	25	30	26	23	23	30	26	27
1	2	36	6	4	2	6i	37	1	38	10	14	17	11	19	16	20	10	12	19	12	11	13	16	11	19	12	20	20	20	14	12	11	19	25	22	26	24	25	21	24	20	25	20
1	2	37	6	5	1	6i	2	36	39	12	13	11	11	17	18	12	14	18	18	20	11	18	18	11	16	10	12	20	11	15	14	10	14	20	29	27	30	24	24	28	26	29	20
1	2	38	6	7	3	35	36	39	1	6t	13	20	17	14	14	14	18	14	20	16	10	13	10	14	10	13	20	14	17	12	17	11	16	12	29	20	24	28	23	24	21	24	25	22
1	2	39	6	3	1	37	1	38	19	14	15	19	12	10	12	14	13	12	11	10	10	12	14	13	17	10	20	11	20	12	13	19	20	29	22	20	25	21	21	23	24	25
1	2	40	7	6	1	7i	2	41	45	10	12	18	18	14	12	13	18	17	17	11	15	17	10	17	14	20	17	18	15	13	12	20	18	24	20	26	27	28	24	22	22	25	21
1	2	41	7	7	2	7i	40	1	44	10	19	17	10	15	11	11	16	14	10	11	13	16	18	17	14	11	11	13	12	19	13	20	19	29	27	29	27	28	21	25	28	27	20
1	2	42	7	4	1	7i	1	43	11	20	19	14	11	13	16	18	19	16	16	11	15	12	15	13	20	10	17	19	18	11	13	13	24	25	24	27	26	26	30	30	20	27
1	2	43	7	4	1	42	1	44	17	14	19	15	16	14	17	20	18	17	16	12	18	14	11	16	18	17	12	11	20	13	18	17	26	22	21	26	28	20	27	22	28	23
1	2	44	7	7	2	41	43	1	7t	18	11	13	14	12	15	16	20	11	18	10	19	17	16	16	18	16	13	13	10	10	11	19	17	29	26	24	22	27	26	23	28	21	28
1	2	45	7	6	1	40	1	7t	17	12	17	17	14	15	14	12	19	19	20	17	18	12	11	14	14	17	17	16	13	19	16	11	29	21	23	28	21	28	23	22	25	24
1	2	46	8	4	1	8i	1	49	14	14	12	16	16	19	17	11	20	20	18	15	13	17	11	14	12	14	15	18	17	11	19	14	30	27	24	22	25	22	29	30	22	24
1	2	47	8	2	2	8i	48	1	50	16	16	10	13	12	15	17	17	15	18	18	20	17	15	11	11	18	16	14	13	13	20	20	13	22	26	29	24	23	24	30	28	24	20
1	2	48	8	6	1	8i	2	47	8t	13	12	18	14	13	20	17	11	19	16	10	11	16	11	11	10	12	10	16	11	12	14	16	17	22	20	24	29	21	26	27	24	27	20
1	2	49	8	4	1	46	2	50	8t	18	16	15	10	16	17	16	15	16	20	19	18	14	18	11	13	10	20	18	13	17	10	18	13	29	20	24	29	21	20	22	28	21	21
1	2	50	8	7	2	47	49	1	51	18	15	15	20	11	14	16	13	10	12	19	13	20	17	16	11	19	18	17	20	18	18	10	14	26	21	23	24	22	25	20	25	23	26
1	2	51	8	7	1	50	1	8t	18	12	15	14	11	16	12	17	11	11	10	11	18	14	11	19	10	10	13	20	14	20	17	14	22	25	27	26	20	22	27	29	26	28
1	2	52	10	6	1	10i	1	55	15	16	17	20	13	10	19	14	15	12	17	12	10	18	13	11	14	15	11	14	16	10	12	17	29	28	26	23	26	24	30	22	28	29
1	2	53	10	7	2	10i	53	1	56	15	15	20	16	14	17	19	12	12	15	15	19	10	17	16	12	20	10	12	11	11	16	17	10	29	23	24	28	21	30	23	28	28	21
1	2	54	10	3	1	10i	1	53	13	18	11	14	10	18	14	18	15	10	13	10	10	14	17	15	16	20	14	19	19	19	20	17	30	25	29	30	24	21	21	23	20	25
1	2	55	10	6	2	52	56	1	57	14	20	15	12	16	13	17	10	17	13	13	14	18	20	20	17	15	18	15	15	11	17	19	19	25	27	24	30	29	25	27	24	30	26
1	2	56	10	7	1	53	2	55	57	14	10	10	18	12	19	13	12	11	16	13	10	18	16	10	11	19	12	19	18	18	17	16	17	22	30	21	21	26	29	30	21	25	30
1	2	57	10	7	2	55	56	1	10t	15	18	19	10	18	17	18	16	11	10	20	12	19	13	12	18	18	14	13	20	13	12	14	15	22	21	26	22	24	20	26	29	28	29
