5
5	14	15	22	158	45
5	0	45	0	2	67	68	10	1	2	3	4	5	6	7	8	9	10
5	0	46	1	67	3	69	70	71	4	1	2	3	4
5	0	47	1	68	1	72	9	1	2	3	5	6	7	8	9	10
5	0	48	1	70	1	73	3	2	3	4
5	0	49	2	71	72	1	74	3	1	2	3
5	0	50	2	67	72	3	75	76	77	6	5	6	7	8	9	10
5	0	51	2	69	73	1	78	2	3	4
5	0	52	2	69	74	1	79	2	1	2
5	0	53	1	76	2	80	81	5	5	6	7	8	9
5	0	54	1	75	2	82	84	3	8	9	10
5	0	55	2	77	81	1	83	4	5	6	7	8
5	0	56	3	75	80	83	1	85	3	5	6	7
5	0	57	2	80	84	1	86	2	8	9
5	0	58	2	77	82	1	87	2	9	10
5	0	59	1	85	1	88	2	5	6
5	1	67	1	45	0	2	46	50	3	474	476	479
5	1	68	1	45	0	1	47	3	482	484	487
5	1	69	1	46	1	67	2	51	52	3	488	491	494
5	1	70	1	46	1	67	1	48	3	495	497	500
5	1	71	1	46	1	67	1	49	3	501	503	506
5	1	72	1	47	1	68	2	49	50	3	508	510	513
5	1	73	1	48	1	70	1	51	3	515	518	521
5	1	74	1	49	2	71	72	1	52	3	522	524	527
5	1	75	1	50	2	67	72	2	54	56	3	528	531	534
5	1	76	1	50	2	67	72	1	53	3	535	538	541
5	1	77	1	50	2	67	72	2	55	58	3	544	546	549
5	1	78	1	51	2	69	73	0	3	551	554	557
5	1	79	1	52	2	69	74	0	3	558	561	564
5	1	80	1	53	1	76	2	56	57	3	565	568	571
5	1	81	1	53	1	76	1	55	3	573	575	578
5	1	82	1	54	1	75	1	58	3	580	582	585
5	1	83	1	55	2	77	81	1	56	3	587	590	593
5	1	84	1	54	1	75	1	57	3	596	598	601
5	1	85	1	56	3	75	80	83	1	59	3	603	606	609
5	1	86	1	57	2	80	84	0	3	610	613	616
5	1	87	1	58	2	77	82	0	3	618	621	624
5	1	88	1	59	1	85	0	3	625	627	630
5	2	474	67	4	1	67i	2	475	477	9	10	11	9	12	11	13	10	9	8	11	12	10	8	9	8	9	10	10	10	12	10	13	11	4	5	4	6	6	5	5	5	6	5	0
5	2	475	67	2	1	474	1	478	9	10	11	9	12	11	13	10	9	8	11	12	10	8	9	8	9	10	10	10	12	10	13	11	4	5	4	6	6	5	5	5	6	5	0
5	2	476	67	4	1	67i	1	477	9	10	11	9	12	11	13	10	9	8	11	12	10	8	9	8	9	10	10	10	12	10	13	11	4	5	4	6	6	5	5	5	6	5	0
5	2	477	67	7	2	474	476	1	478	9	10	11	9	12	11	13	10	9	8	11	12	10	8	9	8	9	10	10	10	12	10	13	11	4	5	4	6	6	5	5	5	6	5	0
5	2	478	67	7	3	475	477	480	1	67t	9	10	11	9	12	11	13	10	9	8	11	12	10	8	9	8	9	10	10	10	12	10	13	11	4	5	4	6	6	5	5	5	6	5	0
5	2	479	67	6	1	67i	1	480	9	10	11	9	12	11	13	10	9	8	11	12	10	8	9	8	9	10	10	10	12	10	13	11	4	5	4	6	6	5	5	5	6	5	0
5	2	480	67	6	1	479	2	478	481	9	10	11	9	12	11	13	10	9	8	11	12	10	8	9	8	9	10	10	10	12	10	13	11	4	5	4	6	6	5	5	5	6	5	0
5	2	481	67	3	1	480	1	67t	9	10	11	9	12	11	13	10	9	8	11	12	10	8	9	8	9	10	10	10	12	10	13	11	4	5	4	6	6	5	5	5	6	5	0
5	2	482	68	1	1	68i	1	485	13	8	11	9	11	11	7	9	8	11	12	9	12	11	7	11	9	12	7	10	10	10	12	9	4	4	5	6	4	4	4	5	5	5	1
5	2	483	68	4	1	485	1	68t	13	8	11	9	11	11	7	9	8	11	12	9	12	11	7	11	9	12	7	10	10	10	12	9	4	4	5	6	4	4	4	5	5	5	1
5	2	484	68	4	1	68i	1	485	13	8	11	9	11	11	7	9	8	11	12	9	12	11	7	11	9	12	7	10	10	10	12	9	4	4	5	6	4	4	4	5	5	5	1
5	2	485	68	7	2	482	484	2	483	486	13	8	11	9	11	11	7	9	8	11	12	9	12	11	7	11	9	12	7	10	10	10	12	9	4	4	5	6	4	4	4	5	5	5	1
5	2	486	68	4	1	485	1	68t	13	8	11	9	11	11	7	9	8	11	12	9	12	11	7	11	9	12	7	10	10	10	12	9	4	4	5	6	4	4	4	5	5	5	1
5	2	487	68	3	1	68i	1	68t	13	8	11	9	11	11	7	9	8	11	12	9	12	11	7	11	9	12	7	10	10	10	12	9	4	4	5	6	4	4	4	5	5	5	1
5	2	488	69	4	1	69i	1	489	13	8	11	9	11	11	7	9	8	11	12	9	12	11	7	11	9	12	7	10	10	10	12	9	4	4	5	6	4	4	4	5	5	5	1
5	2	489	69	7	2	488	491	2	490	493	13	8	11	9	11	11	7	9	8	11	12	9	12	11	7	11	9	12	7	10	10	10	12	9	4	4	5	6	4	4	4	5	5	5	1
5	2	490	69	4	2	489	492	1	69t	9	10	11	9	12	11	13	10	9	8	11	12	10	8	9	8	9	10	10	10	12	10	13	11	4	6	5	4	5	4	4	6	6	5	0
5	2	491	69	6	1	69i	2	489	492	9	10	11	9	12	11	13	10	9	8	11	12	10	8	9	8	9	10	10	10	12	10	13	11	4	6	5	4	5	4	4	6	6	5	0
5	2	492	69	5	2	491	494	2	490	493	9	10	11	9	12	11	13	10	9	8	11	12	10	8	9	8	9	10	10	10	12	10	13	11	4	6	5	4	5	4	4	6	6	5	0
5	2	493	69	5	2	489	492	1	69t	9	10	11	9	12	11	13	10	9	8	11	12	10	8	9	8	9	10	10	10	12	10	13	11	4	6	5	4	5	4	4	6	6	5	0
5	2	494	69	5	1	69i	1	492	9	10	11	9	12	11	13	10	9	8	11	12	10	8	9	8	9	10	10	10	12	10	13	11	4	6	5	4	5	4	4	6	6	5	0
5	2	495	70	2	1	70i	1	498	9	10	11	9	12	11	13	10	9	8	11	12	10	8	9	8	9	10	10	10	12	10	13	11	4	6	5	4	5	4	4	6	6	5	0
5	2	496	70	5	1	498	1	70t	9	10	11	9	12	11	13	10	9	8	11	12	10	8	9	8	9	10	10	10	12	10	13	11	4	6	5	4	5	4	4	6	6	5	0
5	2	497	70	4	1	70i	1	498	8	8	8	7	11	9	10	11	10	10	10	8	10	12	12	9	8	10	11	10	8	13	7	8	4	5	4	5	5	5	5	5	4	4	2
5	2	498	70	7	3	495	497	500	2	496	499	8	8	8	7	11	9	10	11	10	10	10	8	10	12	12	9	8	10	11	10	8	13	7	8	4	5	4	5	5	5	5	5	4	4	2
5	2	499	70	4	1	498	1	70t	8	8	8	7	11	9	10	11	10	10	10	8	10	12	12	9	8	10	11	10	8	13	7	8	4	5	4	5	5	5	5	5	4	4	2
5	2	500	70	5	1	70i	1	498	8	8	8	7	11	9	10	11	10	10	10	8	10	12	12	9	8	10	11	10	8	13	7	8	4	5	4	5	5	5	5	5	4	4	2
5	2	501	71	5	1	71i	1	504	8	8	8	7	11	9	10	11	10	10	10	8	10	12	12	9	8	10	11	10	8	13	7	8	4	5	4	5	5	5	5	5	4	4	2
5	2	502	71	5	1	504	1	71t	10	13	11	10	12	12	13	7	12	11	13	10	10	12	8	10	12	10	12	11	11	8	11	8	5	6	6	4	5	5	5	5	6	5	2
5	2	503	71	6	1	71i	1	504	10	13	11	10	12	12	13	7	12	11	13	10	10	12	8	10	12	10	12	11	11	8	11	8	5	6	6	4	5	5	5	5	6	5	2
5	2	504	71	7	3	501	503	506	3	502	505	507	10	13	11	10	12	12	13	7	12	11	13	10	10	12	8	10	12	10	12	11	11	8	11	8	5	6	6	4	5	5	5	5	6	5	2
5	2	505	71	6	1	504	1	71t	10	13	11	10	12	12	13	7	12	11	13	10	10	12	8	10	12	10	12	11	11	8	11	8	5	6	6	4	5	5	5	5	6	5	2
5	2	506	71	4	1	71i	1	504	10	13	11	10	12	12	13	7	12	11	13	10	10	12	8	10	12	10	12	11	11	8	11	8	5	6	6	4	5	5	5	5	6	5	2
5	2	507	71	4	1	504	1	71t	10	13	11	10	12	12	13	7	12	11	13	10	10	12	8	10	12	10	12	11	11	8	11	8	5	6	6	4	5	5	5	5	6	5	2
5	2	508	72	5	1	72i	1	511	10	13	11	10	12	12	13	7	12	11	13	10	10	12	8	10	12	10	12	11	11	8	11	8	5	6	6	4	5	5	5	5	6	5	2
5	2	509	72	5	1	511	1	72t	10	13	11	10	12	12	13	7	12	11	13	10	10	12	8	10	12	10	12	11	11	8	11	8	5	6	6	4	5	5	5	5	6	5	2
5	2	510	72	6	1	72i	1	511	8	11	8	10	10	12	10	9	11	11	10	9	8	11	9	7	12	8	10	11	9	11	9	11	5	4	4	6	4	5	4	6	5	5	0
5	2	511	72	7	3	508	510	513	3	509	512	514	8	11	8	10	10	12	10	9	11	11	10	9	8	11	9	7	12	8	10	11	9	11	9	11	5	4	4	6	4	5	4	6	5	5	0
5	2	512	72	6	1	511	1	72t	8	11	8	10	10	12	10	9	11	11	10	9	8	11	9	7	12	8	10	11	9	11	9	11	5	4	4	6	4	5	4	6	5	5	0
5	2	513	72	4	1	72i	1	511	8	11	8	10	10	12	10	9	11	11	10	9	8	11	9	7	12	8	10	11	9	11	9	11	5	4	4	6	4	5	4	6	5	5	0
5	2	514	72	4	1	511	1	72t	8	11	8	10	10	12	10	9	11	11	10	9	8	11	9	7	12	8	10	11	9	11	9	11	5	4	4	6	4	5	4	6	5	5	0
5	2	515	73	4	1	73i	1	516	8	11	8	10	10	12	10	9	11	11	10	9	8	11	9	7	12	8	10	11	9	11	9	11	5	4	4	6	4	5	4	6	5	5	0
5	2	516	73	4	1	515	2	517	519	8	11	8	10	10	12	10	9	11	11	10	9	8	11	9	7	12	8	10	11	9	11	9	11	5	4	4	6	4	5	4	6	5	5	0
5	2	517	73	2	1	516	1	520	8	11	8	10	10	12	10	9	11	11	10	9	8	11	9	7	12	8	10	11	9	11	9	11	5	4	4	6	4	5	4	6	5	5	0
5	2	518	73	1	1	73i	1	519	8	11	8	10	10	12	10	9	11	11	10	9	8	11	9	7	12	8	10	11	9	11	9	11	5	4	4	6	4	5	4	6	5	5	0
5	2	519	73	4	2	516	518	1	520	8	12	13	10	12	11	8	8	9	11	12	12	9	10	8	8	8	11	10	8	10	8	7	12	5	5	5	4	6	4	4	5	4	5	1
5	2	520	73	7	1	519	1	73t	8	12	13	10	12	11	8	8	9	11	12	12	9	10	8	8	8	11	10	8	10	8	7	12	5	5	5	4	6	4	4	5	4	5	1
5	2	521	73	3	1	73i	1	73t	8	12	13	10	12	11	8	8	9	11	12	12	9	10	8	8	8	11	10	8	10	8	7	12	5	5	5	4	6	4	4	5	4	5	1
5	2	522	74	1	1	74i	1	525	8	12	13	10	12	11	8	8	9	11	12	12	9	10	8	8	8	11	10	8	10	8	7	12	5	5	5	4	6	4	4	5	4	5	1
5	2	523	74	4	1	525	1	74t	8	12	13	10	12	11	8	8	9	11	12	12	9	10	8	8	8	11	10	8	10	8	7	12	5	5	5	4	6	4	4	5	4	5	1
5	2	524	74	4	1	74i	1	525	8	12	13	10	12	11	8	8	9	11	12	12	9	10	8	8	8	11	10	8	10	8	7	12	5	5	5	4	6	4	4	5	4	5	1
5	2	525	74	7	2	522	524	2	523	526	8	12	13	10	12	11	8	8	9	11	12	12	9	10	8	8	8	11	10	8	10	8	7	12	5	5	5	4	6	4	4	5	4	5	1
5	2	526	74	4	1	525	1	74t	8	12	13	10	12	11	8	8	9	11	12	12	9	10	8	8	8	11	10	8	10	8	7	12	5	5	5	4	6	4	4	5	4	5	1
5	2	527	74	3	1	74i	1	74t	8	12	13	10	12	11	8	8	9	11	12	12	9	10	8	8	8	11	10	8	10	8	7	12	5	5	5	4	6	4	4	5	4	5	1
5	2	528	75	4	1	75i	1	529	8	12	13	10	12	11	8	8	9	11	12	12	9	10	8	8	8	11	10	8	10	8	7	12	5	5	5	4	6	4	4	5	4	5	1
5	2	529	75	4	1	528	1	532	8	12	13	10	12	11	8	8	9	11	12	12	9	10	8	8	8	11	10	8	10	8	7	12	5	5	5	4	6	4	4	5	4	5	1
5	2	530	75	6	1	532	1	75t	10	13	11	10	12	12	13	7	12	11	13	10	10	12	8	10	12	10	12	11	11	8	11	8	5	6	6	4	5	5	5	5	6	5	2
5	2	531	75	1	1	75i	1	532	10	13	11	10	12	12	13	7	12	11	13	10	10	12	8	10	12	10	12	11	11	8	11	8	5	6	6	4	5	5	5	5	6	5	2
5	2	532	75	7	1	531	2	530	533	10	13	11	10	12	12	13	7	12	11	13	10	10	12	8	10	12	10	12	11	11	8	11	8	5	6	6	4	5	5	5	5	6	5	2
5	2	533	75	4	1	532	1	75t	10	13	11	10	12	12	13	7	12	11	13	10	10	12	8	10	12	10	12	11	11	8	11	8	5	6	6	4	5	5	5	5	6	5	2
5	2	534	75	5	1	75i	1	532	10	13	11	10	12	12	13	7	12	11	13	10	10	12	8	10	12	10	12	11	11	8	11	8	5	6	6	4	5	5	5	5	6	5	2
5	2	535	76	4	1	76i	1	536	10	13	11	10	12	12	13	7	12	11	13	10	10	12	8	10	12	10	12	11	11	8	11	8	5	6	6	4	5	5	5	5	6	5	2
5	2	536	76	4	1	535	1	539	10	13	11	10	12	12	13	7	12	11	13	10	10	12	8	10	12	10	12	11	11	8	11	8	5	6	6	4	5	5	5	5	6	5	2
5	2	537	76	2	1	539	1	76t	11	10	7	9	10	9	8	12	10	12	9	12	9	12	12	9	8	12	13	9	11	10	12	12	5	4	5	5	6	5	6	6	5	5	0
5	2	538	76	4	1	76i	1	539	11	10	7	9	10	9	8	12	10	12	9	12	9	12	12	9	8	12	13	9	11	10	12	12	5	4	5	5	6	5	6	6	5	5	0
5	2	539	76	7	1	538	4	537	540	542	543	11	10	7	9	10	9	8	12	10	12	9	12	9	12	12	9	8	12	13	9	11	10	12	12	5	4	5	5	6	5	6	6	5	5	0
5	2	540	76	4	1	539	1	76t	11	10	7	9	10	9	8	12	10	12	9	12	9	12	12	9	8	12	13	9	11	10	12	12	5	4	5	5	6	5	6	6	5	5	0
5	2	541	76	3	1	76i	1	539	11	10	7	9	10	9	8	12	10	12	9	12	9	12	12	9	8	12	13	9	11	10	12	12	5	4	5	5	6	5	6	6	5	5	0
5	2	542	76	1	1	539	1	76t	11	10	7	9	10	9	8	12	10	12	9	12	9	12	12	9	8	12	13	9	11	10	12	12	5	4	5	5	6	5	6	6	5	5	0
5	2	543	76	3	1	539	1	76t	11	10	7	9	10	9	8	12	10	12	9	12	9	12	12	9	8	12	13	9	11	10	12	12	5	4	5	5	6	5	6	6	5	5	0
5	2	544	77	5	1	77i	1	547	11	10	7	9	10	9	8	12	10	12	9	12	9	12	12	9	8	12	13	9	11	10	12	12	5	4	5	5	6	5	6	6	5	5	0
5	2	545	77	5	1	547	1	77t	11	10	7	9	10	9	8	12	10	12	9	12	9	12	12	9	8	12	13	9	11	10	12	12	5	4	5	5	6	5	6	6	5	5	0
5	2	546	77	6	1	77i	1	547	11	10	7	9	10	9	8	12	10	12	9	12	9	12	12	9	8	12	13	9	11	10	12	12	5	4	5	5	6	5	6	6	5	5	0
5	2	547	77	7	3	544	546	549	3	545	548	550	11	10	7	9	10	9	8	12	10	12	9	12	9	12	12	9	8	12	13	9	11	10	12	12	5	4	5	5	6	5	6	6	5	5	0
5	2	548	77	6	1	547	1	77t	11	10	7	9	10	9	8	12	10	12	9	12	9	12	12	9	8	12	13	9	11	10	12	12	5	4	5	5	6	5	6	6	5	5	0
5	2	549	77	4	1	77i	1	547	11	10	7	9	10	9	8	12	10	12	9	12	9	12	12	9	8	12	13	9	11	10	12	12	5	4	5	5	6	5	6	6	5	5	0
5	2	550	77	4	1	547	1	77t	8	11	8	10	10	12	10	9	11	11	10	9	8	11	9	7	12	8	10	11	9	11	9	11	5	4	4	6	4	5	4	6	5	5	0
5	2	551	78	4	1	78i	1	552	8	11	8	10	10	12	10	9	11	11	10	9	8	11	9	7	12	8	10	11	9	11	9	11	5	4	4	6	4	5	4	6	5	5	0
5	2	552	78	7	2	551	554	2	553	556	8	11	8	10	10	12	10	9	11	11	10	9	8	11	9	7	12	8	10	11	9	11	9	11	5	4	4	6	4	5	4	6	5	5	0
5	2	553	78	4	2	552	555	1	78t	8	11	8	10	10	12	10	9	11	11	10	9	8	11	9	7	12	8	10	11	9	11	9	11	5	4	4	6	4	5	4	6	5	5	0
5	2	554	78	6	1	78i	2	552	555	8	11	8	10	10	12	10	9	11	11	10	9	8	11	9	7	12	8	10	11	9	11	9	11	5	4	4	6	4	5	4	6	5	5	0
5	2	555	78	5	2	554	557	2	553	556	8	11	8	10	10	12	10	9	11	11	10	9	8	11	9	7	12	8	10	11	9	11	9	11	5	4	4	6	4	5	4	6	5	5	0
5	2	556	78	5	2	552	555	1	78t	10	13	11	10	12	12	13	7	12	11	13	10	10	12	8	10	12	10	12	11	11	8	11	8	5	6	6	4	5	5	5	5	6	5	2
5	2	557	78	5	1	78i	1	555	10	13	11	10	12	12	13	7	12	11	13	10	10	12	8	10	12	10	12	11	11	8	11	8	5	6	6	4	5	5	5	5	6	5	2
5	2	558	79	4	1	79i	1	559	10	13	11	10	12	12	13	7	12	11	13	10	10	12	8	10	12	10	12	11	11	8	11	8	5	6	6	4	5	5	5	5	6	5	2
5	2	559	79	4	1	558	1	562	10	13	11	10	12	12	13	7	12	11	13	10	10	12	8	10	12	10	12	11	11	8	11	8	5	6	6	4	5	5	5	5	6	5	2
5	2	560	79	6	1	562	1	79t	10	13	11	10	12	12	13	7	12	11	13	10	10	12	8	10	12	10	12	11	11	8	11	8	5	6	6	4	5	5	5	5	6	5	2
5	2	561	79	1	1	79i	1	562	10	13	11	10	12	12	13	7	12	11	13	10	10	12	8	10	12	10	12	11	11	8	11	8	5	6	6	4	5	5	5	5	6	5	2
5	2	562	79	7	1	561	2	560	563	9	10	11	9	12	11	13	10	9	8	11	12	10	8	9	8	9	10	10	10	12	10	13	11	4	6	5	4	5	4	4	6	6	5	0
5	2	563	79	4	1	562	1	79t	9	10	11	9	12	11	13	10	9	8	11	12	10	8	9	8	9	10	10	10	12	10	13	11	4	6	5	4	5	4	4	6	6	5	0
5	2	564	79	5	1	79i	1	562	9	10	11	9	12	11	13	10	9	8	11	12	10	8	9	8	9	10	10	10	12	10	13	11	4	6	5	4	5	4	4	6	6	5	0
5	2	565	80	4	1	80i	1	566	9	10	11	9	12	11	13	10	9	8	11	12	10	8	9	8	9	10	10	10	12	10	13	11	4	6	5	4	5	4	4	6	6	5	0
5	2	566	80	7	2	565	568	2	567	570	9	10	11	9	12	11	13	10	9	8	11	12	10	8	9	8	9	10	10	10	12	10	13	11	4	6	5	4	5	4	4	6	6	5	0
5	2	567	80	4	1	566	1	80t	9	10	11	9	12	11	13	10	9	8	11	12	10	8	9	8	9	10	10	10	12	10	13	11	4	6	5	4	5	4	4	6	6	5	0
5	2	568	80	5	1	80i	2	566	569	9	10	11	9	12	11	13	10	9	8	11	12	10	8	9	8	9	10	10	10	12	10	13	11	4	6	5	4	5	4	4	6	6	5	0
5	2	569	80	7	2	568	571	2	570	572	13	8	11	9	11	11	7	9	8	11	12	9	12	11	7	11	9	12	7	10	10	10	12	9	4	4	5	6	4	4	4	5	5	5	1
5	2	570	80	6	2	566	569	1	80t	13	8	11	9	11	11	7	9	8	11	12	9	12	11	7	11	9	12	7	10	10	10	12	9	4	4	5	6	4	4	4	5	5	5	1
5	2	571	80	6	1	80i	1	569	13	8	11	9	11	11	7	9	8	11	12	9	12	11	7	11	9	12	7	10	10	10	12	9	4	4	5	6	4	4	4	5	5	5	1
5	2	572	80	1	1	569	1	80t	13	8	11	9	11	11	7	9	8	11	12	9	12	11	7	11	9	12	7	10	10	10	12	9	4	4	5	6	4	4	4	5	5	5	1
5	2	573	81	2	1	81i	1	576	13	8	11	9	11	11	7	9	8	11	12	9	12	11	7	11	9	12	7	10	10	10	12	9	4	4	5	6	4	4	4	5	5	5	1
5	2	574	81	4	1	576	1	81t	13	8	11	9	11	11	7	9	8	11	12	9	12	11	7	11	9	12	7	10	10	10	12	9	4	4	5	6	4	4	4	5	5	5	1
5	2	575	81	4	1	81i	2	576	579	13	8	11	9	11	11	7	9	8	11	12	9	12	11	7	11	9	12	7	10	10	10	12	9	4	4	5	6	4	4	4	5	5	5	1
5	2	576	81	7	2	573	575	2	574	577	8	8	8	7	11	9	10	11	10	10	10	8	10	12	12	9	8	10	11	10	8	13	7	8	4	5	4	5	5	5	5	5	4	4	2
5	2	577	81	7	2	576	579	1	81t	8	8	8	7	11	9	10	11	10	10	10	8	10	12	12	9	8	10	11	10	8	13	7	8	4	5	4	5	5	5	5	5	4	4	2
5	2	578	81	5	1	81i	2	576	579	8	8	8	7	11	9	10	11	10	10	10	8	10	12	12	9	8	10	11	10	8	13	7	8	4	5	4	5	5	5	5	5	4	4	2
5	2	579	81	6	2	575	578	1	577	8	8	8	7	11	9	10	11	10	10	10	8	10	12	12	9	8	10	11	10	8	13	7	8	4	5	4	5	5	5	5	5	4	4	2
5	2	580	82	4	1	82i	2	581	583	8	8	8	7	11	9	10	11	10	10	10	8	10	12	12	9	8	10	11	10	8	13	7	8	4	5	4	5	5	5	5	5	4	4	2
5	2	581	82	2	1	580	1	584	8	8	8	7	11	9	10	11	10	10	10	8	10	12	12	9	8	10	11	10	8	13	7	8	4	5	4	5	5	5	5	5	4	4	2
5	2	582	82	1	1	82i	1	583	8	8	8	7	11	9	10	11	10	10	10	8	10	12	12	9	8	10	11	10	8	13	7	8	4	5	4	5	5	5	5	5	4	4	2
5	2	583	82	7	3	580	582	585	1	584	8	8	8	7	11	9	10	11	10	10	10	8	10	12	12	9	8	10	11	10	8	13	7	8	4	5	4	5	5	5	5	5	4	4	2
5	2	584	82	7	3	581	583	586	1	82t	8	8	8	7	11	9	10	11	10	10	10	8	10	12	12	9	8	10	11	10	8	13	7	8	4	5	4	5	5	5	5	5	4	4	2
5	2	585	82	5	1	82i	2	583	586	8	8	8	7	11	9	10	11	10	10	10	8	10	12	12	9	8	10	11	10	8	13	7	8	4	5	4	5	5	5	5	5	4	4	2
5	2	586	82	3	1	585	1	584	8	11	8	10	10	12	10	9	11	11	10	9	8	11	9	7	12	8	10	11	9	11	9	11	5	4	4	6	4	5	4	6	5	5	0
5	2	587	83	4	1	83i	1	588	8	11	8	10	10	12	10	9	11	11	10	9	8	11	9	7	12	8	10	11	9	11	9	11	5	4	4	6	4	5	4	6	5	5	0
5	2	588	83	4	1	587	1	591	8	11	8	10	10	12	10	9	11	11	10	9	8	11	9	7	12	8	10	11	9	11	9	11	5	4	4	6	4	5	4	6	5	5	0
5	2	589	83	4	1	591	1	83t	8	11	8	10	10	12	10	9	11	11	10	9	8	11	9	7	12	8	10	11	9	11	9	11	5	4	4	6	4	5	4	6	5	5	0
5	2	590	83	6	1	83i	1	591	8	11	8	10	10	12	10	9	11	11	10	9	8	11	9	7	12	8	10	11	9	11	9	11	5	4	4	6	4	5	4	6	5	5	0
5	2	591	83	7	3	588	590	594	3	589	592	595	8	11	8	10	10	12	10	9	11	11	10	9	8	11	9	7	12	8	10	11	9	11	9	11	5	4	4	6	4	5	4	6	5	5	0
5	2	592	83	6	1	591	1	83t	8	11	8	10	10	12	10	9	11	11	10	9	8	11	9	7	12	8	10	11	9	11	9	11	5	4	4	6	4	5	4	6	5	5	0
5	2	593	83	5	1	83i	1	594	8	11	8	10	10	12	10	9	11	11	10	9	8	11	9	7	12	8	10	11	9	11	9	11	5	4	4	6	4	5	4	6	5	5	0
5	2	594	83	5	1	593	1	591	18	11	8	10	10	12	10	9	11	11	10	9	8	11	9	7	12	8	10	11	9	11	9	11	5	4	4	6	4	5	4	6	5	5	0
5	2	595	83	5	1	591	1	83t	8	11	8	10	10	12	10	9	11	11	10	9	8	11	9	7	12	8	10	11	9	11	9	11	5	4	4	6	4	5	4	6	5	5	0
5	2	596	84	2	1	84i	1	599	8	11	8	10	10	12	10	9	11	11	10	9	8	11	9	7	12	8	10	11	9	11	9	11	5	4	4	6	4	5	4	6	5	5	0
5	2	597	84	4	1	599	1	84t	8	11	8	10	10	12	10	9	11	11	10	9	8	11	9	7	12	8	10	11	9	11	9	11	5	4	4	6	4	5	4	6	5	5	0
5	2	598	84	4	1	84i	1	599	8	12	13	10	12	11	8	8	9	11	12	12	9	10	8	8	8	11	10	8	10	8	7	12	5	5	5	4	6	4	4	5	4	5	1
5	2	599	84	7	3	596	598	601	3	597	600	602	8	12	13	10	12	11	8	8	9	11	12	12	9	10	8	8	8	11	10	8	10	8	7	12	5	5	5	4	6	4	4	5	4	5	1
5	2	600	84	5	1	599	1	84t	8	12	13	10	12	11	8	8	9	11	12	12	9	10	8	8	8	11	10	8	10	8	7	12	5	5	5	4	6	4	4	5	4	5	1
5	2	601	84	3	1	84i	1	599	8	12	13	10	12	11	8	8	9	11	12	12	9	10	8	8	8	11	10	8	10	8	7	12	5	5	5	4	6	4	4	5	4	5	1
5	2	602	84	7	1	599	1	84t	8	12	13	10	12	11	8	8	9	11	12	12	9	10	8	8	8	11	10	8	10	8	7	12	5	5	5	4	6	4	4	5	4	5	1
5	2	603	85	6	1	85i	1	604	8	12	13	10	12	11	8	8	9	11	12	12	9	10	8	8	8	11	10	8	10	8	7	12	5	5	5	4	6	4	4	5	4	5	1
5	2	604	85	6	2	603	606	2	605	608	18	12	13	10	12	11	8	8	9	11	12	12	9	10	8	8	8	11	10	8	10	8	7	12	5	5	5	4	6	4	4	5	4	5	1
5	2	605	85	4	1	604	1	85t	68	12	13	10	12	11	8	8	9	11	12	12	9	10	8	8	8	11	10	8	10	8	7	12	5	5	5	4	6	4	4	5	4	5	1
5	2	606	85	4	1	85i	2	604	607	8	12	13	10	12	11	8	8	9	11	12	12	9	10	8	8	8	11	10	8	10	8	7	12	5	5	5	4	6	4	4	5	4	5	1
5	2	607	85	7	2	606	609	2	605	608	8	12	13	10	12	11	8	8	9	11	12	12	9	10	8	8	8	11	10	8	10	8	7	12	5	5	5	4	6	4	4	5	4	5	1
5	2	608	85	5	2	604	607	1	85t	8	12	13	10	12	11	8	8	9	11	12	12	9	10	8	8	8	11	10	8	10	8	7	12	5	5	5	4	6	4	4	5	4	5	1
5	2	609	85	3	1	85i	1	607	8	12	13	10	12	11	8	8	9	11	12	12	9	10	8	8	8	11	10	8	10	8	7	12	5	5	5	4	6	4	4	5	4	5	1
5	2	610	86	4	1	86i	1	611	8	12	13	10	12	11	8	8	9	11	12	12	9	10	8	8	8	11	10	8	10	8	7	12	5	5	5	4	6	4	4	5	4	5	1
5	2	611	86	7	2	610	613	2	612	615	8	12	13	10	12	11	8	8	9	11	12	12	9	10	8	8	8	11	10	8	10	8	7	12	5	5	5	4	6	4	4	5	4	5	1
5	2	612	86	4	1	611	1	86t	8	12	13	10	12	11	8	8	9	11	12	12	9	10	8	8	8	11	10	8	10	8	7	12	5	5	5	4	6	4	4	5	4	5	1
5	2	613	86	5	1	86i	2	611	614	10	13	11	10	12	12	13	7	12	11	13	10	10	12	8	10	12	10	12	11	11	8	11	8	5	6	6	4	5	5	5	5	6	5	2
5	2	614	86	7	2	613	616	2	615	617	10	13	11	10	12	12	13	7	12	11	13	10	10	12	8	10	12	10	12	11	11	8	11	8	5	6	6	4	5	5	5	5	6	5	2
5	2	615	86	6	2	611	614	1	86t	10	13	11	10	12	12	13	7	12	11	13	10	10	12	8	10	12	10	12	11	11	8	11	8	5	6	6	4	5	5	5	5	6	5	2
5	2	616	86	6	1	86i	1	614	10	13	11	10	12	12	13	7	12	11	13	10	10	12	8	10	12	10	12	11	11	8	11	8	5	6	6	4	5	5	5	5	6	5	2
5	2	617	86	1	1	614	1	86t	10	13	11	10	12	12	13	7	12	11	13	10	10	12	8	10	12	10	12	11	11	8	11	8	5	6	6	4	5	5	5	5	6	5	2
5	2	618	87	4	1	87i	1	619	10	13	11	10	12	12	13	7	12	11	13	10	10	12	8	10	12	10	12	11	11	8	11	8	5	6	6	4	5	5	5	5	6	5	2
5	2	619	87	7	2	618	621	2	620	623	10	13	11	10	12	12	13	7	12	11	13	10	10	12	8	10	12	10	12	11	11	8	11	8	5	6	6	4	5	5	5	5	6	5	2
5	2	620	87	4	2	619	622	1	87t	10	13	11	10	12	12	13	7	12	11	13	10	10	12	8	10	12	10	12	11	11	8	11	8	5	6	6	4	5	5	5	5	6	5	2
5	2	621	87	6	1	87i	2	619	622	10	13	11	10	12	12	13	7	12	11	13	10	10	12	8	10	12	10	12	11	11	8	11	8	5	6	6	4	5	5	5	5	6	5	2
5	2	622	87	5	2	621	624	2	620	623	10	13	11	10	12	12	13	7	12	11	13	10	10	12	8	10	12	10	12	11	11	8	11	8	5	6	6	4	5	5	5	5	6	5	2
5	2	623	87	5	2	619	622	1	87t	10	13	11	10	12	12	13	7	12	11	13	10	10	12	8	10	12	10	12	11	11	8	11	8	5	6	6	4	5	5	5	5	6	5	2
5	2	624	87	5	1	87i	1	622	10	13	11	10	12	12	13	7	12	11	13	10	10	12	8	10	12	10	12	11	11	8	11	8	5	6	6	4	5	5	5	5	6	5	2
5	2	625	88	5	1	88i	1	628	10	13	11	10	12	12	13	7	12	11	13	10	10	12	8	10	12	10	12	11	11	8	11	8	5	6	6	4	5	5	5	5	6	5	2
5	2	626	88	5	1	628	1	88t	10	13	11	10	12	12	13	7	12	11	13	10	10	12	8	10	12	10	12	11	11	8	11	8	5	6	6	4	5	5	5	5	6	5	2
5	2	627	88	6	1	88i	1	628	10	13	11	10	12	12	13	7	12	11	13	10	10	12	8	10	12	10	12	11	11	8	11	8	5	6	6	4	5	5	5	5	6	5	2
5	2	628	88	7	3	625	627	630	3	626	629	631	10	13	11	10	12	12	13	7	12	11	13	10	10	12	8	10	12	10	12	11	11	8	11	8	5	6	6	4	5	5	5	5	6	5	2
5	2	629	88	6	1	628	1	88t	10	13	11	10	12	12	13	7	12	11	13	10	10	12	8	10	12	10	12	11	11	8	11	8	5	6	6	4	5	5	5	5	6	5	2
5	2	630	88	4	1	88i	1	628	10	13	11	10	12	12	13	7	12	11	13	10	10	12	8	10	12	10	12	11	11	8	11	8	5	6	6	4	5	5	5	5	6	5	2
5	2	631	88	4	1	628	1	88t	10	13	11	10	12	12	13	7	12	11	13	10	10	12	8	10	12	10	12	11	11	8	11	8	5	6	6	4	5	5	5	5	6	5	2
