3
3	7	14	20	143	22
3	0	22	0	2	34	35	7	1	2	3	4	5	6	7
3	0	23	1	34	2	36	37
3	0	24	1	35	1	38
3	0	25	2	37	38	1	39
3	0	26	2	34	38	3	40	41	42
3	0	27	1	36	1	43			
3	0	28	2	36	39	1	44
3	0	29	1	40	2	45	47
3	0	30	1	42	2	46	48	
3	0	31	2	45	41	1	49			
3	0	32	2	41	46	1	50
3	0	33	3	42	47	49	1	51
3	0	34	2	47	48	1	52
3	0	35	1	51	1	53
3	1	34	1	22	0	2	23	26	3	242	244	247
3	1	35	1	22	0	1	24	3	249	252	255
3	1	36	1	23	1	34	2	27	28	3	256	258	261
3	1	37	1	23	1	34	1	25	3	263	265	268
3	1	38	1	24	1	35	2	25	26	3	270	273	276
3	1	39	1	25	2	37	38	1	28	3	278	281	284
3	1	40	1	26	2	34	38	1	29	3	287	289	292	
3	1	41	1	26	2	34	38	2	31	32	3	294	297	300
3	1	42	1	26	2	34	38	2	33	30	3	301	303	306
3	1	43	1	27	1	36	0	3	308	311	314
3	1	44	1	28	2	36	39	0	3	315	317	320
3	1	45	1	29	1	41	1	31	3	322	324	327
3	1	46	1	30	1	42	1	32	3	328	330	333	
3	1	47	1	29	1	41	2	33	34	3	335	337	340
3	1	48	1	30	1	42	1	34	3	342	345	348
3	1	49	1	31	2	45	41	1	33	3	349	351	354
3	1	50	1	32	2	41	46	0	3	356	358	361
3	1	51	1	33	3	49	42	47	1	35	3	363	365	368
3	1	52	1	34	2	47	48	0	3	370	372	375
3	1	53	1	35	1	51	0	3	377	380	383
3	2	242	34	5	1	34i	1	245	9	10	11	9	12	11	13	10	9	8	11	12	10	8	9	8	9	10	10	10	12	10	13	11	4	5	4	6	6	5	5	5	6	5	0	
3	2	243	34	5	1	245	1	34t	9	10	11	9	12	11	13	10	9	8	11	12	10	8	9	8	9	10	10	10	12	10	13	11	4	5	4	6	6	5	5	5	6	5	0
3	2	244	34	6	1	34i	1	245	9	10	11	9	12	11	13	10	9	8	11	12	10	8	9	8	9	10	10	10	12	10	13	11	4	5	4	6	6	5	5	5	6	5	0
3	2	245	34	7	3	242	244	247	3	243	246	248	9	10	11	9	12	11	13	10	9	8	11	12	10	8	9	8	9	10	10	10	12	10	13	11	4	5	4	6	6	5	5	5	6	5	0
3	2	246	34	6	1	245	1	34t	9	10	11	9	12	11	13	10	9	8	11	12	10	8	9	8	9	10	10	10	12	10	13	11	4	5	4	6	6	5	5	5	6	5	0
3	2	247	34	4	1	34i	1	245	9	10	11	9	12	11	13	10	9	8	11	12	10	8	9	8	9	10	10	10	12	10	13	11	4	5	4	6	6	5	5	5	6	5	0
3	2	248	34	4	1	245	1	34t	9	10	11	9	12	11	13	10	9	8	11	12	10	8	9	8	9	10	10	10	12	10	13	11	4	5	4	6	6	5	5	5	6	5	0
3	2	249	35	4	1	35i	1	250	9	10	11	9	12	11	13	10	9	8	11	12	10	8	9	8	9	10	10	10	12	10	13	11	4	5	4	6	6	5	5	5	6	5	0	
3	2	250	35	7	2	249	252	2	251	254	9	10	11	9	12	11	13	10	9	8	11	12	10	8	9	8	9	10	10	10	12	10	13	11	4	5	4	6	6	5	5	5	6	5	0
3	2	251	35	4	2	250	253	1	35t	9	10	11	9	12	11	13	10	9	8	11	12	10	8	9	8	9	10	10	10	12	10	13	11	4	5	4	6	6	5	5	5	6	5	0
3	2	252	35	6	1	35i	2	250	253	9	10	11	9	12	11	13	10	9	8	11	12	10	8	9	8	9	10	10	10	12	10	13	11	4	5	4	6	6	5	5	5	6	5	0
3	2	253	35	5	2	252	255	2	251	254	9	10	11	9	12	11	13	10	9	8	11	12	10	8	9	8	9	10	10	10	12	10	13	11	4	5	4	6	6	5	5	5	6	5	0
3	2	254	35	5	2	250	253	1	35t	12	10	7	8	11	10	8	9	11	8	11	8	13	9	12	8	9	8	10	11	10	10	11	11	5	5	5	5	5	4	4	5	5	5	0
3	2	255	35	5	1	35i	1	253	12	10	7	8	11	10	8	9	11	8	11	8	13	9	12	8	9	8	10	11	10	10	11	11	5	5	5	5	5	4	4	5	5	5	0
3	2	256	36	2	1	36i	1	259	12	10	7	8	11	10	8	9	11	8	11	8	13	9	12	8	9	8	10	11	10	10	11	11	5	5	5	5	5	4	4	5	5	5	0
3	2	257	36	4	1	259	1	36t	12	10	7	8	11	10	8	9	11	8	11	8	13	9	12	8	9	8	10	11	10	10	11	11	5	5	5	5	5	4	4	5	5	5	0
3	2	258	36	4	1	36i	1	259	12	10	7	8	11	10	8	9	11	8	11	8	13	9	12	8	9	8	10	11	10	10	11	11	5	5	5	5	5	4	4	5	5	5	0
3	2	259	36	7	3	256	258	261	3	257	260	262	12	10	7	8	11	10	8	9	11	8	11	8	13	9	12	8	9	8	10	11	10	10	11	11	5	5	5	5	5	4	4	5	5	5	0
3	2	260	36	5	1	259	1	36t	12	10	7	8	11	10	8	9	11	8	11	8	13	9	12	8	9	8	10	11	10	10	11	11	5	5	5	5	5	4	4	5	5	5	0
3	2	261	36	3	1	36i	1	259	12	10	7	8	11	10	8	9	11	8	11	8	13	9	12	8	9	8	10	11	10	10	11	11	5	5	5	5	5	4	4	5	5	5	0
3	2	262	36	7	1	259	1	36t	12	10	7	8	11	10	8	9	11	8	11	8	13	9	12	8	9	8	10	11	10	10	11	11	5	5	5	5	5	4	4	5	5	5	0
3	2	263	37	5	1	37i	1	266	12	10	7	8	11	10	8	9	11	8	11	8	13	9	12	8	9	8	10	11	10	10	11	11	5	5	5	5	5	4	4	5	5	5	0
3	2	264	37	5	1	266	1	37t	8	13	11	10	11	10	11	10	11	10	13	8	8	8	7	9	10	9	12	11	12	13	13	8	5	6	5	5	4	5	5	5	5	5	1
3	2	265	37	6	1	37i	1	266	8	13	11	10	11	10	11	10	11	10	13	8	8	8	7	9	10	9	12	11	12	13	13	8	5	6	5	5	4	5	5	5	5	5	1
3	2	266	37	7	3	263	265	268	3	264	267	269	8	13	11	10	11	10	11	10	11	10	13	8	8	8	7	9	10	9	12	11	12	13	13	8	5	6	5	5	4	5	5	5	5	5	1
3	2	267	37	6	1	266	1	37t	8	13	11	10	11	10	11	10	11	10	13	8	8	8	7	9	10	9	12	11	12	13	13	8	5	6	5	5	4	5	5	5	5	5	1
3	2	268	37	4	1	37i	1	266	8	13	11	10	11	10	11	10	11	10	13	8	8	8	7	9	10	9	12	11	12	13	13	8	5	6	5	5	4	5	5	5	5	5	1
3	2	269	37	4	1	266	1	37t	8	13	11	10	11	10	11	10	11	10	13	8	8	8	7	9	10	9	12	11	12	13	13	8	5	6	5	5	4	5	5	5	5	5	1
3	2	270	38	4	1	38i	1	271	8	13	11	10	11	10	11	10	11	10	13	8	8	8	7	9	10	9	12	11	12	13	13	8	5	6	5	5	4	5	5	5	5	5	1
3	2	271	38	7	2	270	273	2	272	275	8	13	11	10	11	10	11	10	11	10	13	8	8	8	7	9	10	9	12	11	12	13	13	8	5	6	5	5	4	5	5	5	5	5	1	
3	2	272	38	4	1	271	1	38t	8	8	8	7	11	9	10	11	10	10	10	8	10	12	12	9	8	10	11	10	8	13	7	8	4	5	4	5	5	5	5	5	4	4	2
3	2	273	38	5	1	38i	2	271	274	8	8	8	7	11	9	10	11	10	10	10	8	10	12	12	9	8	10	11	10	8	13	7	8	4	5	4	5	5	5	5	5	4	4	2
3	2	274	38	7	2	273	276	2	275	277	8	8	8	7	11	9	10	11	10	10	10	8	10	12	12	9	8	10	11	10	8	13	7	8	4	5	4	5	5	5	5	5	4	4	2
3	2	275	38	6	2	271	274	1	38t	8	8	8	7	11	9	10	11	10	10	10	8	10	12	12	9	8	10	11	10	8	13	7	8	4	5	4	5	5	5	5	5	4	4	2
3	2	276	38	6	1	38i	1	274	8	8	8	7	11	9	10	11	10	10	10	8	10	12	12	9	8	10	11	10	8	13	7	8	4	5	4	5	5	5	5	5	4	4	2
3	2	277	38	1	1	274	1	38t	8	8	8	7	11	9	10	11	10	10	10	8	10	12	12	9	8	10	11	10	8	13	7	8	4	5	4	5	5	5	5	5	4	4	2
3	2	278	39	4	1	39i	1	279	8	8	8	7	11	9	10	11	10	10	10	8	10	12	12	9	8	10	11	10	8	13	7	8	4	5	4	5	5	5	5	5	4	4	2
3	2	279	39	4	1	278	1	282	8	8	8	7	11	9	10	11	10	10	10	8	10	12	12	9	8	10	11	10	8	13	7	8	4	5	4	5	5	5	5	5	4	4	2
3	2	280	39	4	1	282	1	39t	8	8	8	7	11	9	10	11	10	10	10	8	10	12	12	9	8	10	11	10	8	13	7	8	4	5	4	5	5	5	5	5	4	4	2
3	2	281	39	6	1	39i	1	282	8	8	8	7	11	9	10	11	10	10	10	8	10	12	12	9	8	10	11	10	8	13	7	8	4	5	4	5	5	5	5	5	4	4	2
3	2	282	39	7	3	279	281	285	3	280	283	286	10	13	11	10	12	12	13	7	12	11	13	10	10	12	8	10	12	10	12	11	11	8	11	8	5	6	6	4	5	5	5	5	6	5	2
3	2	283	39	6	1	282	1	39t	10	13	11	10	12	12	13	7	12	11	13	10	10	12	8	10	12	10	12	11	11	8	11	8	5	6	6	4	5	5	5	5	6	5	2
3	2	284	39	5	1	39i	1	285	10	13	11	10	12	12	13	7	12	11	13	10	10	12	8	10	12	10	12	11	11	8	11	8	5	6	6	4	5	5	5	5	6	5	2
3	2	285	39	5	1	284	1	282	10	13	11	10	12	12	13	7	12	11	13	10	10	12	8	10	12	10	12	11	11	8	11	8	5	6	6	4	5	5	5	5	6	5	2
3	2	286	39	5	1	282	1	39t	10	13	11	10	12	12	13	7	12	11	13	10	10	12	8	10	12	10	12	11	11	8	11	8	5	6	6	4	5	5	5	5	6	5	2
3	2	287	40	1	1	40i	1	290	10	13	11	10	12	12	13	7	12	11	13	10	10	12	8	10	12	10	12	11	11	8	11	8	5	6	6	4	5	5	5	5	6	5	2
3	2	288	40	1	1	290	1	40t	10	13	11	10	12	12	13	7	12	11	13	10	10	12	8	10	12	10	12	11	11	8	11	8	5	6	6	4	5	5	5	5	6	5	2
3	2	289	40	4	1	40i	1	290	10	13	11	10	12	12	13	7	12	11	13	10	10	12	8	10	12	10	12	11	11	8	11	8	5	6	6	4	5	5	5	5	6	5	2
3	2	290	40	7	3	287	289	292	3	288	291	293	10	13	11	10	12	12	13	7	12	11	13	10	10	12	8	10	12	10	12	11	11	8	11	8	5	6	6	4	5	5	5	5	6	5	2
3	2	291	40	4	1	290	1	40t	8	12	13	10	12	11	8	8	9	11	12	12	9	10	8	8	8	11	10	8	10	8	7	12	5	5	5	4	6	4	4	5	4	5	1
3	2	292	40	6	1	40i	1	290	8	12	13	10	12	11	8	8	9	11	12	12	9	10	8	8	8	11	10	8	10	8	7	12	5	5	5	4	6	4	4	5	4	5	1
3	2	293	40	6	1	290	1	40t	8	12	13	10	12	11	8	8	9	11	12	12	9	10	8	8	8	11	10	8	10	8	7	12	5	5	5	4	6	4	4	5	4	5	1
3	2	294	41	4	1	41i	1	295	8	12	13	10	12	11	8	8	9	11	12	12	9	10	8	8	8	11	10	8	10	8	7	12	5	5	5	4	6	4	4	5	4	5	1
3	2	295	41	4	1	294	2	296	298	8	12	13	10	12	11	8	8	9	11	12	12	9	10	8	8	8	11	10	8	10	8	7	12	5	5	5	4	6	4	4	5	4	5	1
3	2	296	41	2	1	295	1	299	8	12	13	10	12	11	8	8	9	11	12	12	9	10	8	8	8	11	10	8	10	8	7	12	5	5	5	4	6	4	4	5	4	5	1
3	2	297	41	1	1	41i	1	298	8	12	13	10	12	11	8	8	9	11	12	12	9	10	8	8	8	11	10	8	10	8	7	12	5	5	5	4	6	4	4	5	4	5	1
3	2	298	41	4	2	295	297	1	299	8	11	8	10	10	12	10	9	11	11	10	9	8	11	9	7	12	8	10	11	9	11	9	11	5	4	4	6	4	5	4	6	5	5	0
3	2	299	41	7	2	296	298	1	41t	8	11	8	10	10	12	10	9	11	11	10	9	8	11	9	7	12	8	10	11	9	11	9	11	5	4	4	6	4	5	4	6	5	5	0
3	2	300	41	3	1	41i	1	41t	8	11	8	10	10	12	10	9	11	11	10	9	8	11	9	7	12	8	10	11	9	11	9	11	5	4	4	6	4	5	4	6	5	5	0
3	2	301	42	2	1	42i	1	304	8	11	8	10	10	12	10	9	11	11	10	9	8	11	9	7	12	8	10	11	9	11	9	11	5	4	4	6	4	5	4	6	5	5	0
3	2	302	42	4	1	304	1	42t	8	11	8	10	10	12	10	9	11	11	10	9	8	11	9	7	12	8	10	11	9	11	9	11	5	4	4	6	4	5	4	6	5	5	0
3	2	303	42	4	1	42i	1	304	8	11	8	10	10	12	10	9	11	11	10	9	8	11	9	7	12	8	10	11	9	11	9	11	5	4	4	6	4	5	4	6	5	5	0
3	2	304	42	7	3	301	303	306	3	302	305	307	8	11	8	10	10	12	10	9	11	11	10	9	8	11	9	7	12	8	10	11	9	11	9	11	5	4	4	6	4	5	4	6	5	5	0
3	2	305	42	5	1	304	1	42t	10	13	11	10	12	12	13	7	12	11	13	10	10	12	8	10	12	10	12	11	11	8	11	8	5	6	6	4	5	5	5	5	6	5	2
3	2	306	42	3	1	42i	1	304	10	13	11	10	12	12	13	7	12	11	13	10	10	12	8	10	12	10	12	11	11	8	11	8	5	6	6	4	5	5	5	5	6	5	2
3	2	307	42	7	1	304	1	42t	10	13	11	10	12	12	13	7	12	11	13	10	10	12	8	10	12	10	12	11	11	8	11	8	5	6	6	4	5	5	5	5	6	5	2
3	2	308	43	4	1	43i	1	309	10	13	11	10	12	12	13	7	12	11	13	10	10	12	8	10	12	10	12	11	11	8	11	8	5	6	6	4	5	5	5	5	6	5	2
3	2	309	43	7	2	308	311	2	310	313	10	13	11	10	12	12	13	7	12	11	13	10	10	12	8	10	12	10	12	11	11	8	11	8	5	6	6	4	5	5	5	5	6	5	2
3	2	310	43	4	2	309	312	1	43t	10	13	11	10	12	12	13	7	12	11	13	10	10	12	8	10	12	10	12	11	11	8	11	8	5	6	6	4	5	5	5	5	6	5	2
3	2	311	43	6	1	43i	2	309	312	10	13	11	10	12	12	13	7	12	11	13	10	10	12	8	10	12	10	12	11	11	8	11	8	5	6	6	4	5	5	5	5	6	5	2
3	2	312	43	5	2	311	314	2	310	313	10	13	11	10	12	12	13	7	12	11	13	10	10	12	8	10	12	10	12	11	11	8	11	8	5	6	6	4	5	5	5	5	6	5	2
3	2	313	43	5	2	309	312	1	43t	10	13	11	10	12	12	13	7	12	11	13	10	10	12	8	10	12	10	12	11	11	8	11	8	5	6	6	4	5	5	5	5	6	5	2
3	2	314	43	5	1	43i	1	312	8	8	8	7	11	9	10	11	10	10	10	8	10	12	12	9	8	10	11	10	8	13	7	8	4	5	4	5	5	5	5	5	4	4	2
3	2	315	44	5	1	44i	1	318	8	8	8	7	11	9	10	11	10	10	10	8	10	12	12	9	8	10	11	10	8	13	7	8	4	5	4	5	5	5	5	5	4	4	2
3	2	316	44	5	1	318	1	44t	8	8	8	7	11	9	10	11	10	10	10	8	10	12	12	9	8	10	11	10	8	13	7	8	4	5	4	5	5	5	5	5	4	4	2
3	2	317	44	6	1	44i	1	318	8	8	8	7	11	9	10	11	10	10	10	8	10	12	12	9	8	10	11	10	8	13	7	8	4	5	4	5	5	5	5	5	4	4	2
3	2	318	44	7	3	315	317	320	3	316	319	321	8	8	8	7	11	9	10	11	10	10	10	8	10	12	12	9	8	10	11	10	8	13	7	8	4	5	4	5	5	5	5	5	4	4	2
3	2	319	44	6	1	318	1	44t	8	8	8	7	11	9	10	11	10	10	10	8	10	12	12	9	8	10	11	10	8	13	7	8	4	5	4	5	5	5	5	5	4	4	2
3	2	320	44	4	1	44i	1	318	8	8	8	7	11	9	10	11	10	10	10	8	10	12	12	9	8	10	11	10	8	13	7	8	4	5	4	5	5	5	5	5	4	4	2
3	2	321	44	4	1	318	1	44t	8	8	8	7	11	9	10	11	10	10	10	8	10	12	12	9	8	10	11	10	8	13	7	8	4	5	4	5	5	5	5	5	4	4	2
3	2	322	45	1	1	45i	1	325	8	8	8	7	11	9	10	11	10	10	10	8	10	12	12	9	8	10	11	10	8	13	7	8	4	5	4	5	5	5	5	5	4	4	2
3	2	323	45	4	1	325	1	45t	8	8	8	7	11	9	10	11	10	10	10	8	10	12	12	9	8	10	11	10	8	13	7	8	4	5	4	5	5	5	5	5	4	4	2
3	2	324	45	4	1	45i	1	325	8	8	8	7	11	9	10	11	10	10	10	8	10	12	12	9	8	10	11	10	8	13	7	8	4	5	4	5	5	5	5	5	4	4	2
3	2	325	45	7	2	322	324	2	323	326	8	8	8	7	11	9	10	11	10	10	10	8	10	12	12	9	8	10	11	10	8	13	7	8	4	5	4	5	5	5	5	5	4	4	2
3	2	326	45	7	1	325	1	45t	8	8	8	7	11	9	10	11	10	10	10	8	10	12	12	9	8	10	11	10	8	13	7	8	4	5	4	5	5	5	5	5	4	4	1
3	2	327	45	3	1	45i	1	45t	8	8	8	7	11	9	10	11	10	10	10	8	10	12	12	9	8	10	11	10	8	13	7	8	4	5	4	5	5	5	5	5	4	4	1
3	2	328	46	5	1	46i	1	331	8	8	8	7	11	9	10	11	10	10	10	8	10	12	12	9	8	10	11	10	8	13	7	8	4	5	4	5	5	5	5	5	4	4	1
3	2	329	46	5	1	331	1	46t	8	8	8	7	11	9	10	11	10	10	10	8	10	12	12	9	8	10	11	10	8	13	7	8	4	5	4	5	5	5	5	5	4	4	1
3	2	330	46	6	1	46i	1	331	8	8	8	7	11	9	10	11	10	10	10	8	10	12	12	9	8	10	11	10	8	13	7	8	4	5	4	5	5	5	5	5	4	4	1
3	2	331	46	7	3	328	330	333	3	329	332	334	8	8	8	7	11	9	10	11	10	10	10	8	10	12	12	9	8	10	11	10	8	13	7	8	4	5	4	5	5	5	5	5	4	4	1
3	2	332	46	6	1	331	1	46t	8	8	8	7	11	9	10	11	10	10	10	8	10	12	12	9	8	10	11	10	8	13	7	8	4	5	4	5	5	5	5	5	4	4	1
3	2	333	46	4	1	46i	1	331	8	8	8	7	11	9	10	11	10	10	10	8	10	12	12	9	8	10	11	10	8	13	7	8	4	5	4	5	5	5	5	5	4	4	1
3	2	334	46	4	1	331	1	46t	8	8	8	7	11	9	10	11	10	10	10	8	10	12	12	9	8	10	11	10	8	13	7	8	4	5	4	5	5	5	5	5	4	4	1	
3	2	335	47	4	1	47i	1	336	8	8	8	7	11	9	10	11	10	10	10	8	10	12	12	9	8	10	11	10	8	13	7	8	4	5	4	5	5	5	5	5	4	4	1
3	2	336	47	4	1	335	1	338	8	8	8	7	11	9	10	11	10	10	10	8	10	12	12	9	8	10	11	10	8	13	7	8	4	5	4	5	5	5	5	5	4	4	1
3	2	337	47	4	1	47i	1	338	8	8	8	7	11	9	10	11	10	10	10	8	10	12	12	9	8	10	11	10	8	13	7	8	4	5	4	5	5	5	5	5	4	4	1
3	2	338	47	7	3	336	337	340	2	339	341	8	8	8	7	11	9	10	11	10	10	10	8	10	12	12	9	8	10	11	10	8	13	7	8	4	5	4	5	5	5	5	5	4	4	2
3	2	339	47	7	1	338	1	47t	8	8	8	7	11	9	10	11	10	10	10	8	10	12	12	9	8	10	11	10	8	13	7	8	4	5	4	5	5	5	5	5	4	4	2
3	2	340	47	3	1	47i	1	338	8	8	8	7	11	9	10	11	10	10	10	8	10	12	12	9	8	10	11	10	8	13	7	8	4	5	4	5	5	5	5	5	4	4	2
3	2	341	47	6	1	338	1	47t	8	8	8	7	11	9	10	11	10	10	10	8	10	12	12	9	8	10	11	10	8	13	7	8	4	5	4	5	5	5	5	5	4	4	2
3	2	342	48	6	1	48i	1	343	8	8	8	7	11	9	10	11	10	10	10	8	10	12	12	9	8	10	11	10	8	13	7	8	4	5	4	5	5	5	5	5	4	4	2
3	2	343	48	6	2	342	345	2	344	347	8	8	8	7	11	9	10	11	10	10	10	8	10	12	12	9	8	10	11	10	8	13	7	8	4	5	4	5	5	5	5	5	4	4	2
3	2	344	48	4	2	343	346	1	48t	8	8	8	7	11	9	10	11	10	10	10	8	10	12	12	9	8	10	11	10	8	13	7	8	4	5	4	5	5	5	5	5	4	4	2
3	2	345	48	4	1	48i	2	343	346	8	8	8	7	11	9	10	11	10	10	10	8	10	12	12	9	8	10	11	10	8	13	7	8	4	5	4	5	5	5	5	5	4	4	2
3	2	346	48	7	2	345	348	2	344	347	8	8	8	7	11	9	10	11	10	10	10	8	10	12	12	9	8	10	11	10	8	13	7	8	4	5	4	5	5	5	5	5	4	4	2
3	2	347	48	6	2	343	346	1	48t	8	8	8	7	11	9	10	11	10	10	10	8	10	12	12	9	8	10	11	10	8	13	7	8	4	5	4	5	5	5	5	5	4	4	2
3	2	348	48	3	1	48i	1	346	8	8	8	7	11	9	10	11	10	10	10	8	10	12	12	9	8	10	11	10	8	13	7	8	4	5	4	5	5	5	5	5	4	4	2
3	2	349	49	1	1	49i	1	352	8	8	8	7	11	9	10	11	10	10	10	8	10	12	12	9	8	10	11	10	8	13	7	8	4	5	4	5	5	5	5	5	4	4	1
3	2	350	49	1	1	352	1	49t	8	8	8	7	11	9	10	11	10	10	10	8	10	12	12	9	8	10	11	10	8	13	7	8	4	5	4	5	5	5	5	5	4	4	1
3	2	351	49	4	1	49i	1	352	8	8	8	7	11	9	10	11	10	10	10	8	10	12	12	9	8	10	11	10	8	13	7	8	4	5	4	5	5	5	5	5	4	4	1
3	2	352	49	7	3	349	351	354	3	350	353	355	8	8	8	7	11	9	10	11	10	10	10	8	10	12	12	9	8	10	11	10	8	13	7	8	4	5	4	5	5	5	5	5	4	4	1
3	2	353	49	4	1	352	1	49t	8	8	8	7	11	9	10	11	10	10	10	8	10	12	12	9	8	10	11	10	8	13	7	8	4	5	4	5	5	5	5	5	4	4	1
3	2	354	49	6	1	49i	1	352	8	8	8	7	11	9	10	11	10	10	10	8	10	12	12	9	8	10	11	10	8	13	7	8	4	5	4	5	5	5	5	5	4	4	1
3	2	355	49	6	1	352	1	49t	8	8	8	7	11	9	10	11	10	10	10	8	10	12	12	9	8	10	11	10	8	13	7	8	4	5	4	5	5	5	5	5	4	4	1
3	2	356	50	2	1	50i	1	359	8	8	8	7	11	9	10	11	10	10	10	8	10	12	12	9	8	10	11	10	8	13	7	8	4	5	4	5	5	5	5	5	4	4	1
3	2	357	50	4	1	359	1	50t	8	8	8	7	11	9	10	11	10	10	10	8	10	12	12	9	8	10	11	10	8	13	7	8	4	5	4	5	5	5	5	5	4	4	1
3	2	358	50	4	1	50i	2	359	362	8	8	8	7	11	9	10	11	10	10	10	8	10	12	12	9	8	10	11	10	8	13	7	8	4	5	4	5	5	5	5	5	4	4	1
3	2	359	50	7	3	356	358	361	2	357	360	8	8	8	7	11	9	10	11	10	10	10	8	10	12	12	9	8	10	11	10	8	13	7	8	4	5	4	5	5	5	5	5	4	4	1
3	2	360	50	7	2	359	362	1	50t	11	10	7	9	10	9	8	12	10	12	9	12	9	12	12	9	8	12	13	9	11	10	12	12	5	4	5	5	6	5	6	6	5	5	0
3	2	361	50	5	1	50i	2	359	362	11	10	7	9	10	9	8	12	10	12	9	12	9	12	12	9	8	12	13	9	11	10	12	12	5	4	5	5	6	5	6	6	5	5	0
3	2	362	50	6	2	358	361	1	360	11	10	7	9	10	9	8	12	10	12	9	12	9	12	12	9	8	12	13	9	11	10	12	12	5	4	5	5	6	5	6	6	5	5	0
3	2	363	51	5	1	51i	1	366	11	10	7	9	10	9	8	12	10	12	9	12	9	12	12	9	8	12	13	9	11	10	12	12	5	4	5	5	6	5	6	6	5	5	0
3	2	364	51	5	1	366	1	51t	11	10	7	9	10	9	8	12	10	12	9	12	9	12	12	9	8	12	13	9	11	10	12	12	5	4	5	5	6	5	6	6	5	5	0
3	2	365	51	6	1	51i	1	366	11	10	7	9	10	9	8	12	10	12	9	12	9	12	12	9	8	12	13	9	11	10	12	12	5	4	5	5	6	5	6	6	5	5	0
3	2	366	51	7	3	363	365	368	3	364	367	369	11	10	7	9	10	9	8	12	10	12	9	12	9	12	12	9	8	12	13	9	11	10	12	12	5	4	5	5	6	5	6	6	5	5	0
3	2	367	51	6	1	366	1	51t	11	10	7	9	10	9	8	12	10	12	9	12	9	12	12	9	8	12	13	9	11	10	12	12	5	4	5	5	6	5	6	6	5	5	0
3	2	368	51	4	1	51i	1	366	11	10	7	9	10	9	8	12	10	12	9	12	9	12	12	9	8	12	13	9	11	10	12	12	5	4	5	5	6	5	6	6	5	5	0
3	2	369	51	4	1	366	1	51t	11	10	7	9	10	9	8	12	10	12	9	12	9	12	12	9	8	12	13	9	11	10	12	12	5	4	5	5	6	5	6	6	5	5	0
3	2	370	52	1	1	52i	1	373	11	10	7	9	10	9	8	12	10	12	9	12	9	12	12	9	8	12	13	9	11	10	12	12	5	4	5	5	6	5	6	6	5	5	0
3	2	371	52	1	1	373	1	52t	12	10	7	8	11	10	8	9	11	8	11	8	13	9	12	8	9	8	10	11	10	10	11	11	5	5	5	5	5	4	4	5	5	5	0
3	2	372	52	4	1	52i	1	373	12	10	7	8	11	10	8	9	11	8	11	8	13	9	12	8	9	8	10	11	10	10	11	11	5	5	5	5	5	4	4	5	5	5	0
3	2	373	52	7	3	370	375	372	3	371	374	376	12	10	7	8	11	10	8	9	11	8	11	8	13	9	12	8	9	8	10	11	10	10	11	11	5	5	5	5	5	4	4	5	5	5	0
3	2	374	52	4	1	373	1	52t	12	10	7	8	11	10	8	9	11	8	11	8	13	9	12	8	9	8	10	11	10	10	11	11	5	5	5	5	5	4	4	5	5	5	0
3	2	375	52	6	1	52i	1	373	12	10	7	8	11	10	8	9	11	8	11	8	13	9	12	8	9	8	10	11	10	10	11	11	5	5	5	5	5	4	4	5	5	5	0
3	2	376	52	6	1	373	1	52t	12	10	7	8	11	10	8	9	11	8	11	8	13	9	12	8	9	8	10	11	10	10	11	11	5	5	5	5	5	4	4	5	5	5	0
3	2	377	53	4	1	53i	1	378	12	10	7	8	11	10	8	9	11	8	11	8	13	9	12	8	9	8	10	11	10	10	11	11	5	5	5	5	5	4	4	5	5	5	0	
3	2	378	53	4	1	377	2	381	379	12	10	7	8	11	10	8	9	11	8	11	8	13	9	12	8	9	8	10	11	10	10	11	11	5	5	5	5	5	4	4	5	5	5	0
3	2	379	53	2	1	378	1	382	12	10	7	8	11	10	8	9	11	8	11	8	13	9	12	8	9	8	10	11	10	10	11	11	5	5	5	5	5	4	4	5	5	5	0
3	2	380	53	1	1	53i	1	381	12	10	7	8	11	10	8	9	11	8	11	8	13	9	12	8	9	8	10	11	10	10	11	11	5	5	5	5	5	4	4	5	5	5	0	
3	2	381	53	4	2	378	380	1	382	12	10	7	8	11	10	8	9	11	8	11	8	13	9	12	8	9	8	10	11	10	10	11	11	5	5	5	5	5	4	4	5	5	5	0
3	2	382	53	7	2	379	381	1	53t	12	10	7	8	11	10	8	9	11	8	11	8	13	9	12	8	9	8	10	11	10	10	11	11	5	5	5	5	5	4	4	5	5	5	0
3	2	383	53	3	1	53i	1	53t	12	10	7	8	11	10	8	9	11	8	11	8	13	9	12	8	9	8	10	11	10	10	11	11	5	5	5	5	5	4	4	5	5	5	0