2
2	7	14	23	167	8
2	0	8	0	3	11	12	13	7	1	2	3	4	5	6	7
2	0	9	1	11	2	14	15
2	0	10	1	12	2	16	17		
2	0	11	1	13	3	18	19	20		
2	0	12	2	14	16	1	21			
2	0	13	2	18	15	2	22	23	
2	0	14	2	17	20	2	24	25		
2	0	15	3	21	22	24	2	26	27		
2	0	16	2	23	19	1	28
2	0	17	2	25	19	1	29
2	0	18	1	26	1	30	
2	0	19	1	26	1	31	
2	0	20	3	27	28	25	1	32	
2	0	21	3	27	23	29	1	33
2	1	11	1	8	0	1	9	3	75	77	80								
2	1	12	1	8	0	1	10	3	82	85	88	
2	1	13	1	8	0	1	11	3	90	92	95
2	1	14	1	9	1	11	1	12	3	96	98	101
2	1	15	1	9	1	11	1	13	3	103	106	109
2	1	16	1	10	1	12	1	12	3	110	112	115	
2	1	17	1	10	1	12	1	14	3	118	120	123
2	1	18	1	11	1	13	1	13	3	125	127	130
2	1	19	1	11	1	13	2	16	17	3	131	133	136
2	1	20	1	11	1	13	1	14	3	138	141	144
2	1	21	1	12	2	14	16	1	15	3	147	150	153
2	1	22	1	13	2	15	18	1	15	3	154	156	159
2	1	23	1	13	2	15	18	2	16	21	3	161	163	166	
2	1	24	1	14	2	17	20	1	15	3	168	171	174
2	1	25	1	14	2	17	20	2	17	20	3	177	179	182
2	1	26	1	15	3	21	22	24	2	18	19	3	183	185	188
2	1	27	1	15	3	21	22	24	2	20	21	3	190	193	196	
2	1	28	1	16	2	19	23	1	20	3	197	200	203
2	1	29	1	17	2	19	25	1	21	3	204	206	209
2	1	30	1	18	1	26	0	3	211	214	217
2	1	31	1	19	1	26	0	3	218	221	224
2	1	32	1	20	3	25	27	28	0	3	226	229	232
2	1	33	1	21	3	23	27	29	0	3	235	237	240
2	2	75	11	5	1	11i	1	78	9	10	11	9	12	11	13	10	9	8	11	12	10	8	9	8	9	10	10	10	12	10	13	11	4	5	4	6	6	5	5	5	6	5	0
2	2	76	11	5	1	78	1	11t	9	10	11	9	12	11	13	10	9	8	11	12	10	8	9	8	9	10	10	10	12	10	13	11	4	5	4	6	6	5	5	5	6	5	0		
2	2	77	11	6	1	11i	1	78	13	8	11	9	11	11	7	9	8	11	12	9	12	11	7	11	9	12	7	10	10	10	12	9	4	4	5	6	4	4	4	5	5	5	1	
2	2	78	11	7	3	75	77	80	3	76	79	81	13	8	11	9	11	11	7	9	8	11	12	9	12	11	7	11	9	12	7	10	10	10	12	9	4	4	5	6	4	4	4	5	5	5	1		
2	2	79	11	6	1	78	1	11t	13	8	11	9	11	11	7	9	8	11	12	9	12	11	7	11	9	12	7	10	10	10	12	9	4	4	5	6	4	4	4	5	5	5	1	
2	2	80	11	4	1	11i	1	78	13	8	11	9	11	11	7	9	8	11	12	9	12	11	7	11	9	12	7	10	10	10	12	9	4	4	5	6	4	4	4	5	5	5	1		
2	2	81	11	4	1	78	1	11t	13	8	11	9	11	11	7	9	8	11	12	9	12	11	7	11	9	12	7	10	10	10	12	9	4	4	5	6	4	4	4	5	5	5	1
2	2	82	12	4	1	12i	1	83	13	8	11	9	11	11	7	9	8	11	12	9	12	11	7	11	9	12	7	10	10	10	12	9	4	4	5	6	4	4	4	5	5	5	1
2	2	83	12	7	2	82	85	2	84	87	13	8	11	9	11	11	7	9	8	11	12	9	12	11	7	11	9	12	7	10	10	10	12	9	4	4	5	6	4	4	4	5	5	5	1
2	2	84	12	4	1	83	1	12t	13	8	11	9	11	11	7	9	8	11	12	9	12	11	7	11	9	12	7	10	10	10	12	9	4	4	5	6	4	4	4	5	5	5	1
2	2	85	12	5	1	12i	2	83	86	13	8	11	9	11	11	7	9	8	11	12	9	12	11	7	11	9	12	7	10	10	10	12	9	4	4	5	6	4	4	4	5	5	5	1
2	2	86	12	7	2	85	88	2	87	89	13	8	11	9	11	11	7	9	8	11	12	9	12	11	7	11	9	12	7	10	10	10	12	9	4	4	5	6	4	4	4	5	5	5	1
2	2	87	12	6	2	83	86	1	12t	13	8	11	9	11	11	7	9	8	11	12	9	12	11	7	11	9	12	7	10	10	10	12	9	4	4	5	6	4	4	4	5	5	5	1
2	2	88	12	6	1	12i	1	86	9	10	11	9	12	11	13	10	9	8	11	12	10	8	9	8	9	10	10	10	12	10	13	11	4	6	5	4	5	4	4	6	6	5	0
2	2	89	12	1	1	86	1	12t	9	10	11	9	12	11	13	10	9	8	11	12	10	8	9	8	9	10	10	10	12	10	13	11	4	6	5	4	5	4	4	6	6	5	0
2	2	90	13	2	1	13i	1	93	9	10	11	9	12	11	13	10	9	8	11	12	10	8	9	8	9	10	10	10	12	10	13	11	4	6	5	4	5	4	4	6	6	5	0
2	2	91	13	5	1	93	1	13t	9	10	11	9	12	11	13	10	9	8	11	12	10	8	9	8	9	10	10	10	12	10	13	11	4	6	5	4	5	4	4	6	6	5	0
2	2	92	13	4	1	13i	1	93	9	10	11	9	12	11	13	10	9	8	11	12	10	8	9	8	9	10	10	10	12	10	13	11	4	6	5	4	5	4	4	6	6	5	0
2	2	93	13	7	3	90	92	95	2	91	94	9	10	11	9	12	11	13	10	9	8	11	12	10	8	9	8	9	10	10	10	12	10	13	11	4	6	5	4	5	4	4	6	6	5	0
2	2	94	13	4	1	93	1	13t	9	10	11	9	12	11	13	10	9	8	11	12	10	8	9	8	9	10	10	10	12	10	13	11	4	6	5	4	5	4	4	6	6	5	0
2	2	95	13	5	1	13i	1	93	9	10	11	9	12	11	13	10	9	8	11	12	10	8	9	8	9	10	10	10	12	10	13	11	4	6	5	4	5	4	4	6	6	5	0
2	2	96	14	2	1	14i	1	99	9	10	11	9	12	11	13	10	9	8	11	12	10	8	9	8	9	10	10	10	12	10	13	11	4	6	5	4	5	4	4	6	6	5	0
2	2	97	14	4	1	99	1	14t	9	10	11	9	12	11	13	10	9	8	11	12	10	8	9	8	9	10	10	10	12	10	13	11	4	6	5	4	5	4	4	6	6	5	0
2	2	98	14	4	1	14i	2	99	102	9	10	11	9	12	11	13	10	9	8	11	12	10	8	9	8	9	10	10	10	12	10	13	11	4	6	5	4	5	4	4	6	6	5	0
2	2	99	14	7	3	96	98	101	2	97	100	12	10	7	8	11	10	8	9	11	8	11	8	13	9	12	8	9	8	10	11	10	10	11	11	5	5	5	5	5	4	4	5	5	5	0
2	2	100	14	7	2	99	102	1	14t	12	10	7	8	11	10	8	9	11	8	11	8	13	9	12	8	9	8	10	11	10	10	11	11	5	5	5	5	5	4	4	5	5	5	0
2	2	101	14	5	1	14i	2	99	102	12	10	7	8	11	10	8	9	11	8	11	8	13	9	12	8	9	8	10	11	10	10	11	11	5	5	5	5	5	4	4	5	5	5	0
2	2	102	14	6	2	98	101	1	100	12	10	7	8	11	10	8	9	11	8	11	8	13	9	12	8	9	8	10	11	10	10	11	11	5	5	5	5	5	4	4	5	5	5	0
2	2	103	15	4	1	15i	1	104	12	10	7	8	11	10	8	9	11	8	11	8	13	9	12	8	9	8	10	11	10	10	11	11	5	5	5	5	5	4	4	5	5	5	0
2	2	104	15	7	2	103	106	2	105	108	12	10	7	8	11	10	8	9	11	8	11	8	13	9	12	8	9	8	10	11	10	10	11	11	5	5	5	5	5	4	4	5	5	5	0
2	2	105	15	4	2	104	107	1	15t	12	10	7	8	11	10	8	9	11	8	11	8	13	9	12	8	9	8	10	11	10	10	11	11	5	5	5	5	5	4	4	5	5	5	0
2	2	106	15	6	1	15i	2	104	107	12	10	7	8	11	10	8	9	11	8	11	8	13	9	12	8	9	8	10	11	10	10	11	11	5	5	5	5	5	4	4	5	5	5	0
2	2	107	15	5	2	106	109	2	105	108	12	10	7	8	11	10	8	9	11	8	11	8	13	9	12	8	9	8	10	11	10	10	11	11	5	5	5	5	5	4	4	5	5	5	0
2	2	108	15	5	2	104	107	1	15t	8	13	11	10	11	10	11	10	11	10	13	8	8	8	7	9	10	9	12	11	12	13	13	8	5	6	5	5	4	5	5	5	5	5	1
2	2	109	15	5	1	15i	1	107	8	13	11	10	11	10	11	10	11	10	13	8	8	8	7	9	10	9	12	11	12	13	13	8	5	6	5	5	4	5	5	5	5	5	1
2	2	110	16	4	1	16i	2	111	113	8	13	11	10	11	10	11	10	11	10	13	8	8	8	7	9	10	9	12	11	12	13	13	8	5	6	5	5	4	5	5	5	5	5	1
2	2	111	16	2	1	110	1	114	8	13	11	10	11	10	11	10	11	10	13	8	8	8	7	9	10	9	12	11	12	13	13	8	5	6	5	5	4	5	5	5	5	5	1
2	2	112	16	4	1	16i	1	113	8	13	11	10	11	10	11	10	11	10	13	8	8	8	7	9	10	9	12	11	12	13	13	8	5	6	5	5	4	5	5	5	5	5	1
2	2	113	16	7	2	110	112	1	114	8	13	11	10	11	10	11	10	11	10	13	8	8	8	7	9	10	9	12	11	12	13	13	8	5	6	5	5	4	5	5	5	5	5	1
2	2	114	16	7	3	111	113	116	1	16t	8	13	11	10	11	10	11	10	11	10	13	8	8	8	7	9	10	9	12	11	12	13	13	8	5	6	5	5	4	5	5	5	5	5	1
2	2	115	16	6	1	16i	1	116	8	13	11	10	11	10	11	10	11	10	13	8	8	8	7	9	10	9	12	11	12	13	13	8	5	6	5	5	4	5	5	5	5	5	1
2	2	116	16	6	1	115	2	114	117	8	13	11	10	11	10	11	10	11	10	13	8	8	8	7	9	10	9	12	11	12	13	13	8	5	6	5	5	4	5	5	5	5	5	1
2	2	117	16	3	1	116	1	16t	8	13	11	10	11	10	11	10	11	10	13	8	8	8	7	9	10	9	12	11	12	13	13	8	5	6	5	5	4	5	5	5	5	5	1
2	2	118	17	4	1	17i	2	119	121	8	13	11	10	11	10	11	10	11	10	13	8	8	8	7	9	10	9	12	11	12	13	13	8	5	6	5	5	4	5	5	5	5	5	1
2	2	119	17	2	1	118	1	122	8	13	11	10	11	10	11	10	11	10	13	8	8	8	7	9	10	9	12	11	12	13	13	8	5	6	5	5	4	5	5	5	5	5	1
2	2	120	17	1	1	17i	1	121	8	13	11	10	11	10	11	10	11	10	13	8	8	8	7	9	10	9	12	11	12	13	13	8	5	6	5	5	4	5	5	5	5	5	1
2	2	121	17	7	3	118	120	123	1	122	8	13	11	10	11	10	11	10	11	10	13	8	8	8	7	9	10	9	12	11	12	13	13	8	5	6	5	5	4	5	5	5	5	5	1
2	2	122	17	7	1	121	1	17t	8	13	11	10	11	10	11	10	11	10	13	8	8	8	7	9	10	9	12	11	12	13	13	8	5	6	5	5	4	5	5	5	5	5	1
2	2	123	17	5	1	17i	2	121	124	8	13	11	10	11	10	11	10	11	10	13	8	8	8	7	9	10	9	12	11	12	13	13	8	5	6	5	5	4	5	5	5	5	5	1
2	2	124	17	3	1	123	1	122	8	13	11	10	11	10	11	10	11	10	13	8	8	8	7	9	10	9	12	11	12	13	13	8	5	6	5	5	4	5	5	5	5	5	1
2	2	125	18	1	1	18i	1	128	8	13	11	10	11	10	11	10	11	10	13	8	8	8	7	9	10	9	12	11	12	13	13	8	5	6	5	5	4	5	5	5	5	5	1
2	2	126	18	4	1	128	1	18t	8	13	11	10	11	10	11	10	11	10	13	8	8	8	7	9	10	9	12	11	12	13	13	8	5	6	5	5	4	5	5	5	5	5	1
2	2	127	18	4	1	18i	1	128	8	13	11	10	11	10	11	10	11	10	13	8	8	8	7	9	10	9	12	11	12	13	13	8	5	6	5	5	4	5	5	5	5	5	1
2	2	128	18	7	2	125	127	2	126	129	11	10	7	9	10	9	8	12	10	12	9	12	9	12	12	9	8	12	13	9	11	10	12	12	5	4	5	5	6	5	6	6	5	5	0
2	2	129	18	7	1	128	1	18t	11	10	7	9	10	9	8	12	10	12	9	12	9	12	12	9	8	12	13	9	11	10	12	12	5	4	5	5	6	5	6	6	5	5	0
2	2	130	18	3	1	18i	1	18t	11	10	7	9	10	9	8	12	10	12	9	12	9	12	12	9	8	12	13	9	11	10	12	12	5	4	5	5	6	5	6	6	5	5	0
2	2	131	19	1	1	19i	1	134	11	10	7	9	10	9	8	12	10	12	9	12	9	12	12	9	8	12	13	9	11	10	12	12	5	4	5	5	6	5	6	6	5	5	0
2	2	132	19	1	1	134	1	19t	11	10	7	9	10	9	8	12	10	12	9	12	9	12	12	9	8	12	13	9	11	10	12	12	5	4	5	5	6	5	6	6	5	5	0
2	2	133	19	4	1	19i	1	134	11	10	7	9	10	9	8	12	10	12	9	12	9	12	12	9	8	12	13	9	11	10	12	12	5	4	5	5	6	5	6	6	5	5	0
2	2	134	19	7	3	131	133	136	3	132	135	137	11	10	7	9	10	9	8	12	10	12	9	12	9	12	12	9	8	12	13	9	11	10	12	12	5	4	5	5	6	5	6	6	5	5	0
2	2	135	19	4	1	134	1	19t	11	10	7	9	10	9	8	12	10	12	9	12	9	12	12	9	8	12	13	9	11	10	12	12	5	4	5	5	6	5	6	6	5	5	0
2	2	136	19	6	1	19i	1	134	11	10	7	9	10	9	8	12	10	12	9	12	9	12	12	9	8	12	13	9	11	10	12	12	5	4	5	5	6	5	6	6	5	5	0
2	2	137	19	6	1	134	1	19t	11	10	7	9	10	9	8	12	10	12	9	12	9	12	12	9	8	12	13	9	11	10	12	12	5	4	5	5	6	5	6	6	5	5	0
2	2	138	20	4	1	20i	1	139	11	10	7	9	10	9	8	12	10	12	9	12	9	12	12	9	8	12	13	9	11	10	12	12	5	4	5	5	6	5	6	6	5	5	0
2	2	139	20	4	1	138	1	142	11	10	7	9	10	9	8	12	10	12	9	12	9	12	12	9	8	12	13	9	11	10	12	12	5	4	5	5	6	5	6	6	5	5	0
2	2	140	20	4	1	142	1	20t	11	10	7	9	10	9	8	12	10	12	9	12	9	12	12	9	8	12	13	9	11	10	12	12	5	4	5	5	6	5	6	6	5	5	0
2	2	141	20	6	1	20i	1	142	11	10	7	9	10	9	8	12	10	12	9	12	9	12	12	9	8	12	13	9	11	10	12	12	5	4	5	5	6	5	6	6	5	5	0
2	2	142	20	7	1	141	3	140	143	146	11	10	7	9	10	9	8	12	10	12	9	12	9	12	12	9	8	12	13	9	11	10	12	12	5	4	5	5	6	5	6	6	5	5	0
2	2	143	20	6	1	142	1	20t	11	10	7	9	10	9	8	12	10	12	9	12	9	12	12	9	8	12	13	9	11	10	12	12	5	4	5	5	6	5	6	6	5	5	0
2	2	144	20	5	1	20i	1	145	11	10	7	9	10	9	8	12	10	12	9	12	9	12	12	9	8	12	13	9	11	10	12	12	5	4	5	5	6	5	6	6	5	5	0
2	2	145	20	5	1	144	1	142	10	13	11	10	12	12	13	7	12	11	13	10	10	12	8	10	12	10	12	11	11	8	11	8	5	6	6	4	5	5	5	5	6	5	1
2	2	146	20	5	1	142	1	20t	10	13	11	10	12	12	13	7	12	11	13	10	10	12	8	10	12	10	12	11	11	8	11	8	5	6	6	4	5	5	5	5	6	5	1
2	2	147	21	4	1	21i	1	148	10	13	11	10	12	12	13	7	12	11	13	10	10	12	8	10	12	10	12	11	11	8	11	8	5	6	6	4	5	5	5	5	6	5	1
2	2	148	21	7	2	147	150	2	149	152	10	13	11	10	12	12	13	7	12	11	13	10	10	12	8	10	12	10	12	11	11	8	11	8	5	6	6	4	5	5	5	5	6	5	1
2	2	149	21	4	2	148	151	1	21t	10	13	11	10	12	12	13	7	12	11	13	10	10	12	8	10	12	10	12	11	11	8	11	8	5	6	6	4	5	5	5	5	6	5	1
2	2	150	21	6	1	21i	2	148	151	10	13	11	10	12	12	13	7	12	11	13	10	10	12	8	10	12	10	12	11	11	8	11	8	5	6	6	4	5	5	5	5	6	5	1
2	2	151	21	5	2	150	153	2	149	152	10	13	11	10	12	12	13	7	12	11	13	10	10	12	8	10	12	10	12	11	11	8	11	8	5	6	6	4	5	5	5	5	6	5	1
2	2	152	21	5	2	148	151	1	21t	10	13	11	10	12	12	13	7	12	11	13	10	10	12	8	10	12	10	12	11	11	8	11	8	5	6	6	4	5	5	5	5	6	5	1
2	2	153	21	5	1	21i	1	151	10	13	11	10	12	12	13	7	12	11	13	10	10	12	8	10	12	10	12	11	11	8	11	8	5	6	6	4	5	5	5	5	6	5	1
2	2	154	22	5	1	22i	1	157	10	13	11	10	12	12	13	7	12	11	13	10	10	12	8	10	12	10	12	11	11	8	11	8	5	6	6	4	5	5	5	5	6	5	1
2	2	155	22	5	1	157	1	22t	10	13	11	10	12	12	13	7	12	11	13	10	10	12	8	10	12	10	12	11	11	8	11	8	5	6	6	4	5	5	5	5	6	5	1
2	2	156	22	6	1	22i	1	157	10	13	11	10	12	12	13	7	12	11	13	10	10	12	8	10	12	10	12	11	11	8	11	8	5	6	6	4	5	5	5	5	6	5	1
2	2	157	22	7	3	154	156	159	3	155	158	160	10	13	11	10	12	12	13	7	12	11	13	10	10	12	8	10	12	10	12	11	11	8	11	8	5	6	6	4	5	5	5	5	6	5	1
2	2	158	22	6	1	157	1	22t	10	13	11	10	12	12	13	7	12	11	13	10	10	12	8	10	12	10	12	11	11	8	11	8	5	6	6	4	5	5	5	5	6	5	1
2	2	159	22	4	1	22i	1	157	10	13	11	10	12	12	13	7	12	11	13	10	10	12	8	10	12	10	12	11	11	8	11	8	5	6	6	4	5	5	5	5	6	5	1
2	2	160	22	4	1	157	1	22t	10	13	11	10	12	12	13	7	12	11	13	10	10	12	8	10	12	10	12	11	11	8	11	8	5	6	6	4	5	5	5	5	6	5	1
2	2	161	23	2	1	23i	1	164	10	13	11	10	12	12	13	7	12	11	13	10	10	12	8	10	12	10	12	11	11	8	11	8	5	6	6	4	5	5	5	5	6	5	1
2	2	162	23	4	1	164	1	23t	10	13	11	10	12	12	13	7	12	11	13	10	10	12	8	10	12	10	12	11	11	8	11	8	5	6	6	4	5	5	5	5	6	5	1
2	2	163	23	4	1	23i	1	164	10	13	11	10	12	12	13	7	12	11	13	10	10	12	8	10	12	10	12	11	11	8	11	8	5	6	6	4	5	5	5	5	6	5	1
2	2	164	23	7	3	161	163	166	3	162	165	167	10	13	11	10	12	12	13	7	12	11	13	10	10	12	8	10	12	10	12	11	11	8	11	8	5	6	6	4	5	5	5	5	6	5	1
2	2	165	23	5	1	164	1	23t	11	11	11	12	13	12	10	13	10	7	8	12	10	12	8	10	11	7	11	9	7	10	8	8	4	4	5	6	5	4	5	5	6	4	1
2	2	166	23	3	1	23i	1	164	11	11	11	12	13	12	10	13	10	7	8	12	10	12	8	10	11	7	11	9	7	10	8	8	4	4	5	6	5	4	5	5	6	4	1
2	2	167	23	7	1	164	1	23t	11	11	11	12	13	12	10	13	10	7	8	12	10	12	8	10	11	7	11	9	7	10	8	8	4	4	5	6	5	4	5	5	6	4	1
2	2	168	24	4	1	24i	1	169	11	11	11	12	13	12	10	13	10	7	8	12	10	12	8	10	11	7	11	9	7	10	8	8	4	4	5	6	5	4	5	5	6	4	1
2	2	169	24	4	1	168	1	172	11	11	11	12	13	12	10	13	10	7	8	12	10	12	8	10	11	7	11	9	7	10	8	8	4	4	5	6	5	4	5	5	6	4	1
2	2	170	24	2	1	172	1	24t	11	11	11	12	13	12	10	13	10	7	8	12	10	12	8	10	11	7	11	9	7	10	8	8	4	4	5	6	5	4	5	5	6	4	1
2	2	171	24	4	1	24i	1	172	11	11	11	12	13	12	10	13	10	7	8	12	10	12	8	10	11	7	11	9	7	10	8	8	4	4	5	6	5	4	5	5	6	4	1
2	2	172	24	7	3	169	171	174	4	170	173	175	176	11	11	11	12	13	12	10	13	10	7	8	12	10	12	8	10	11	7	11	9	7	10	8	8	4	4	5	6	5	4	5	5	6	4	1
2	2	173	24	4	1	172	1	24t	8	8	8	7	11	9	10	11	10	10	10	8	10	12	12	9	8	10	11	10	8	13	7	8	4	5	4	5	5	5	5	5	4	4	1
2	2	174	24	3	1	24i	1	172	8	8	8	7	11	9	10	11	10	10	10	8	10	12	12	9	8	10	11	10	8	13	7	8	4	5	4	5	5	5	5	5	4	4	1	
2	2	175	24	1	1	172	1	24t	8	8	8	7	11	9	10	11	10	10	10	8	10	12	12	9	8	10	11	10	8	13	7	8	4	5	4	5	5	5	5	5	4	4	1
2	2	176	24	3	1	172	1	24t	8	8	8	7	11	9	10	11	10	10	10	8	10	12	12	9	8	10	11	10	8	13	7	8	4	5	4	5	5	5	5	5	4	4	1
2	2	177	25	1	1	25i	1	180	8	8	8	7	11	9	10	11	10	10	10	8	10	12	12	9	8	10	11	10	8	13	7	8	4	5	4	5	5	5	5	5	4	4	1
2	2	178	25	4	1	180	1	25t	8	8	8	7	11	9	10	11	10	10	10	8	10	12	12	9	8	10	11	10	8	13	7	8	4	5	4	5	5	5	5	5	4	4	1
2	2	179	25	4	1	25i	1	180	8	8	8	7	11	9	10	11	10	10	10	8	10	12	12	9	8	10	11	10	8	13	7	8	4	5	4	5	5	5	5	5	4	4	1
2	2	180	25	7	2	177	179	2	178	181	8	8	8	7	11	9	10	11	10	10	10	8	10	12	12	9	8	10	11	10	8	13	7	8	4	5	4	5	5	5	5	5	4	4	1
2	2	181	25	7	1	180	1	25t	8	8	8	7	11	9	10	11	10	10	10	8	10	12	12	9	8	10	11	10	8	13	7	8	4	5	4	5	5	5	5	5	4	4	1
2	2	182	25	3	1	25i	1	25t	8	8	8	7	11	9	10	11	10	10	10	8	10	12	12	9	8	10	11	10	8	13	7	8	4	5	4	5	5	5	5	5	4	4	1
2	2	183	26	2	1	26i	1	186	8	8	8	7	11	9	10	11	10	10	10	8	10	12	12	9	8	10	11	10	8	13	7	8	4	5	4	5	5	5	5	5	4	4	1
2	2	184	26	4	1	186	1	26t	8	8	8	7	11	9	10	11	10	10	10	8	10	12	12	9	8	10	11	10	8	13	7	8	4	5	4	5	5	5	5	5	4	4	1
2	2	185	26	4	1	26i	1	186	8	8	8	7	11	9	10	11	10	10	10	8	10	12	12	9	8	10	11	10	8	13	7	8	4	5	4	5	5	5	5	5	4	4	1
2	2	186	26	7	3	183	185	188	3	184	187	189	8	8	8	7	11	9	10	11	10	10	10	8	10	12	12	9	8	10	11	10	8	13	7	8	4	5	4	5	5	5	5	5	4	4	1
2	2	187	26	5	1	186	1	26t	8	8	8	7	11	9	10	11	10	10	10	8	10	12	12	9	8	10	11	10	8	13	7	8	4	5	4	5	5	5	5	5	4	4	1
2	2	188	26	3	1	26i	1	186	8	8	8	7	11	9	10	11	10	10	10	8	10	12	12	9	8	10	11	10	8	13	7	8	4	5	4	5	5	5	5	5	4	4	1
2	2	189	26	7	1	186	1	26t	8	8	8	7	11	9	10	11	10	10	10	8	10	12	12	9	8	10	11	10	8	13	7	8	4	5	4	5	5	5	5	5	4	4	1
2	2	190	27	4	1	27i	1	191	8	8	8	7	11	9	10	11	10	10	10	8	10	12	12	9	8	10	11	10	8	13	7	8	4	5	4	5	5	5	5	5	4	4	2
2	2	191	27	4	1	190	2	192	194	8	8	8	7	11	9	10	11	10	10	10	8	10	12	12	9	8	10	11	10	8	13	7	8	4	5	4	5	5	5	5	5	4	4	2
2	2	192	27	2	1	191	1	195	8	8	8	7	11	9	10	11	10	10	10	8	10	12	12	9	8	10	11	10	8	13	7	8	4	5	4	5	5	5	5	5	4	4	2
2	2	193	27	1	1	27i	1	194	8	8	8	7	11	9	10	11	10	10	10	8	10	12	12	9	8	10	11	10	8	13	7	8	4	5	4	5	5	5	5	5	4	4	2
2	2	194	27	4	2	191	193	1	195	8	8	8	7	11	9	10	11	10	10	10	8	10	12	12	9	8	10	11	10	8	13	7	8	4	5	4	5	5	5	5	5	4	4	2
2	2	195	27	7	2	192	194	1	27t	8	8	8	7	11	9	10	11	10	10	10	8	10	12	12	9	8	10	11	10	8	13	7	8	4	5	4	5	5	5	5	5	4	4	2
2	2	196	27	3	1	27i	1	27t	8	8	8	7	11	9	10	11	10	10	10	8	10	12	12	9	8	10	11	10	8	13	7	8	4	5	4	5	5	5	5	5	4	4	2
2	2	197	28	6	1	28i	1	198	8	8	8	7	11	9	10	11	10	10	10	8	10	12	12	9	8	10	11	10	8	13	7	8	4	5	4	5	5	5	5	5	4	4	2
2	2	198	28	6	2	197	200	2	199	202	8	8	8	7	11	9	10	11	10	10	10	8	10	12	12	9	8	10	11	10	8	13	7	8	4	5	4	5	5	5	5	5	4	4	2
2	2	199	28	4	2	198	201	1	28t	8	8	8	7	11	9	10	11	10	10	10	8	10	12	12	9	8	10	11	10	8	13	7	8	4	5	4	5	5	5	5	5	4	4	2	
2	2	200	28	4	1	28i	2	198	201	8	8	8	7	11	9	10	11	10	10	10	8	10	12	12	9	8	10	11	10	8	13	7	8	4	5	4	5	5	5	5	5	4	4	2	
2	2	201	28	7	2	200	203	2	199	202	8	8	8	7	11	9	10	11	10	10	10	8	10	12	12	9	8	10	11	10	8	13	7	8	4	5	4	5	5	5	5	5	4	4	2
2	2	202	28	6	2	198	201	1	28t	10	13	11	10	12	12	13	7	12	11	13	10	10	12	8	10	12	10	12	11	11	8	11	8	5	6	6	4	5	5	5	5	6	5	2
2	2	203	28	3	1	28i	1	201	10	13	11	10	12	12	13	7	12	11	13	10	10	12	8	10	12	10	12	11	11	8	11	8	5	6	6	4	5	5	5	5	6	5	2
2	2	204	29	2	1	29i	1	207	10	13	11	10	12	12	13	7	12	11	13	10	10	12	8	10	12	10	12	11	11	8	11	8	5	6	6	4	5	5	5	5	6	5	2
2	2	205	29	4	1	207	1	29t	10	13	11	10	12	12	13	7	12	11	13	10	10	12	8	10	12	10	12	11	11	8	11	8	5	6	6	4	5	5	5	5	6	5	2
2	2	206	29	4	1	29i	2	207	210	10	13	11	10	12	12	13	7	12	11	13	10	10	12	8	10	12	10	12	11	11	8	11	8	5	6	6	4	5	5	5	5	6	5	2
2	2	207	29	7	3	204	206	209	2	205	208	10	13	11	10	12	12	13	7	12	11	13	10	10	12	8	10	12	10	12	11	11	8	11	8	5	6	6	4	5	5	5	5	6	5	2
2	2	208	29	7	2	207	210	1	29t	10	13	11	10	12	12	13	7	12	11	13	10	10	12	8	10	12	10	12	11	11	8	11	8	5	6	6	4	5	5	5	5	6	5	2
2	2	209	29	5	1	29i	2	207	210	10	13	11	10	12	12	13	7	12	11	13	10	10	12	8	10	12	10	12	11	11	8	11	8	5	6	6	4	5	5	5	5	6	5	2
2	2	210	29	6	2	206	209	1	208	10	13	11	10	12	12	13	7	12	11	13	10	10	12	8	10	12	10	12	11	11	8	11	8	5	6	6	4	5	5	5	5	6	5	2
2	2	211	30	4	1	30i	1	212	10	13	11	10	12	12	13	7	12	11	13	10	10	12	8	10	12	10	12	11	11	8	11	8	5	6	6	4	5	5	5	5	6	5	2
2	2	212	30	4	1	211	1	215	10	13	11	10	12	12	13	7	12	11	13	10	10	12	8	10	12	10	12	11	11	8	11	8	5	6	6	4	5	5	5	5	6	5	2
2	2	213	30	6	1	215	1	30t	10	13	11	10	12	12	13	7	12	11	13	10	10	12	8	10	12	10	12	11	11	8	11	8	5	6	6	4	5	5	5	5	6	5	2
2	2	214	30	1	1	30i	1	215	10	13	11	10	12	12	13	7	12	11	13	10	10	12	8	10	12	10	12	11	11	8	11	8	5	6	6	4	5	5	5	5	6	5	2	
2	2	215	30	7	3	212	214	217	2	213	216	10	13	11	10	12	12	13	7	12	11	13	10	10	12	8	10	12	10	12	11	11	8	11	8	5	6	6	4	5	5	5	5	6	5	2
2	2	216	30	4	1	215	1	30t	10	13	11	10	12	12	13	7	12	11	13	10	10	12	8	10	12	10	12	11	11	8	11	8	5	6	6	4	5	5	5	5	6	5	2
2	2	217	30	5	1	30i	1	215	10	13	11	10	12	12	13	7	12	11	13	10	10	12	8	10	12	10	12	11	11	8	11	8	5	6	6	4	5	5	5	5	6	5	2
2	2	218	31	4	1	31i	1	219	10	13	11	10	12	12	13	7	12	11	13	10	10	12	8	10	12	10	12	11	11	8	11	8	5	6	6	4	5	5	5	5	6	5	2
2	2	219	31	7	2	218	221	2	220	223	8	12	13	10	12	11	8	8	9	11	12	12	9	10	8	8	8	11	10	8	10	8	7	12	5	5	5	4	6	4	4	5	4	5	1
2	2	220	31	4	1	219	1	31t	8	12	13	10	12	11	8	8	9	11	12	12	9	10	8	8	8	11	10	8	10	8	7	12	5	5	5	4	6	4	4	5	4	5	1
2	2	221	31	5	1	31i	2	219	222	8	12	13	10	12	11	8	8	9	11	12	12	9	10	8	8	8	11	10	8	10	8	7	12	5	5	5	4	6	4	4	5	4	5	1
2	2	222	31	7	2	221	224	2	223	225	8	12	13	10	12	11	8	8	9	11	12	12	9	10	8	8	8	11	10	8	10	8	7	12	5	5	5	4	6	4	4	5	4	5	1
2	2	223	31	6	2	219	222	1	31t	8	12	13	10	12	11	8	8	9	11	12	12	9	10	8	8	8	11	10	8	10	8	7	12	5	5	5	4	6	4	4	5	4	5	1
2	2	224	31	6	1	31i	1	222	8	12	13	10	12	11	8	8	9	11	12	12	9	10	8	8	8	11	10	8	10	8	7	12	5	5	5	4	6	4	4	5	4	5	1
2	2	225	31	1	1	222	1	31t	8	12	13	10	12	11	8	8	9	11	12	12	9	10	8	8	8	11	10	8	10	8	7	12	5	5	5	4	6	4	4	5	4	5	1
2	2	226	32	4	1	32i	1	227	8	12	13	10	12	11	8	8	9	11	12	12	9	10	8	8	8	11	10	8	10	8	7	12	5	5	5	4	6	4	4	5	4	5	1	
2	2	227	32	4	1	226	1	230	8	12	13	10	12	11	8	8	9	11	12	12	9	10	8	8	8	11	10	8	10	8	7	12	5	5	5	4	6	4	4	5	4	5	1
2	2	228	32	2	1	230	1	32t	8	12	13	10	12	11	8	8	9	11	12	12	9	10	8	8	8	11	10	8	10	8	7	12	5	5	5	4	6	4	4	5	4	5	1
2	2	229	32	4	1	32i	1	230	8	12	13	10	12	11	8	8	9	11	12	12	9	10	8	8	8	11	10	8	10	8	7	12	5	5	5	4	6	4	4	5	4	5	1
2	2	230	32	7	3	227	229	232	4	228	231	233	234	8	11	8	10	10	12	10	9	11	11	10	9	8	11	9	7	12	8	10	11	9	11	9	11	5	4	4	6	4	5	4	6	5	5	0
2	2	231	32	4	1	230	1	32t	8	11	8	10	10	12	10	9	11	11	10	9	8	11	9	7	12	8	10	11	9	11	9	11	5	4	4	6	4	5	4	6	5	5	0
2	2	232	32	3	1	32i	1	230	8	11	8	10	10	12	10	9	11	11	10	9	8	11	9	7	12	8	10	11	9	11	9	11	5	4	4	6	4	5	4	6	5	5	0
2	2	233	32	1	1	230	1	32t	8	11	8	10	10	12	10	9	11	11	10	9	8	11	9	7	12	8	10	11	9	11	9	11	5	4	4	6	4	5	4	6	5	5	0
2	2	234	32	3	1	230	1	32t	8	11	8	10	10	12	10	9	11	11	10	9	8	11	9	7	12	8	10	11	9	11	9	11	5	4	4	6	4	5	4	6	5	5	0
2	2	235	33	5	1	33i	1	238	8	11	8	10	10	12	10	9	11	11	10	9	8	11	9	7	12	8	10	11	9	11	9	11	5	4	4	6	4	5	4	6	5	5	0
2	2	236	33	5	1	238	1	33t	8	11	8	10	10	12	10	9	11	11	10	9	8	11	9	7	12	8	10	11	9	11	9	11	5	4	4	6	4	5	4	6	5	5	0
2	2	237	33	6	1	33i	1	238	8	11	8	10	10	12	10	9	11	11	10	9	8	11	9	7	12	8	10	11	9	11	9	11	5	4	4	6	4	5	4	6	5	5	0
2	2	238	33	7	3	235	237	240	3	236	239	241	8	11	8	10	10	12	10	9	11	11	10	9	8	11	9	7	12	8	10	11	9	11	9	11	5	4	4	6	4	5	4	6	5	5	0
2	2	239	33	6	1	238	1	33t	8	11	8	10	10	12	10	9	11	11	10	9	8	11	9	7	12	8	10	11	9	11	9	11	5	4	4	6	4	5	4	6	5	5	0
2	2	240	33	4	1	33i	1	238	8	11	8	10	10	12	10	9	11	11	10	9	8	11	9	7	12	8	10	11	9	11	9	11	5	4	4	6	4	5	4	6	5	5	0
2	2	241	33	4	1	238	1	33t	8	11	8	10	10	12	10	9	11	11	10	9	8	11	9	7	12	8	10	11	9	11	9	11	5	4	4	6	4	5	4	6	5	5	0
