1 
1	7	8	10	74	0
1	0	0	0	2	1	2	7	1	2	3	4	5	6	7
1	0	1	1	1	2	3	4	5	3	4	5	6	7
1	0	2	1	2	1	5	4	1	2	3	4
1	0	3	1	3	1	6	4	4	5	6	7
1	0	4	2	4	5	1	7	2	3	4
1	0	5	2	1	5	1	8	2	1	2
1	0	6	3	2	4	6	1	9	3	5	6	7
1	0	7	1	9	1	10	2	5	6
1	1	1	1	0	0	2	1	5	3	1	4	7
1	1	2	1	0	0	2	2	6	3	10	12	15
1	1	3	1	1	1	1	1	3	3	17	19	22
1	1	4	1	1	1	1	2	4	6	3	24	27	30
1	1	5	1	2	1	2	2	4	5	3	33	36	39
1	1	6	1	3	1	3	1	6	3	40	42	45
1	1	7	1	4	2	4	5	0	3	46	48	51
1	1	8	1	5	2	1	5	0	3	53	55	58
1	1	9	1	6	3	2	4	6	1	7	3	61	64	67
1	1	10	1	7	1	9	0	3	68	71	74
1	2	1	1	4	1	1i	1	2	9	10	11	9	12	11	13	10	9	8	11	12	10	8	9	8	9	10	10	10	12	10	13	11	4	5	4	6	6	5	5	5	6	5	0
1	2	2	1	4	1	1	1	5	9	10	11	9	12	11	13	10	9	8	11	12	10	8	9	8	9	10	10	10	12	10	13	11	4	6	5	4	5	4	4	6	6	5	2
1	2	3	1	4	1	5	1	1t	13	8	11	9	11	11	7	9	8	11	12	9	12	11	7	11	9	12	7	10	10	10	12	9	4	4	5	6	4	4	4	5	5	5	1
1	2	4	1	6	1	1i	1	5	9	10	11	9	12	11	13	10	9	8	11	12	10	8	9	8	9	10	10	10	12	10	13	11	5	5	5	5	4	5	4	5	5	6	0
1	2	5	1	7	3	2	4	8	3	3	6	9	13	8	11	9	11	11	7	9	8	11	12	9	12	11	7	11	9	12	7	10	10	10	12	9	4	6	6	5	5	5	5	5	5	6	0
1	2	6	1	6	1	5	1	1t	13	8	11	9	11	11	7	9	8	11	12	9	12	11	7	11	9	12	7	10	10	10	12	9	6	5	5	6	5	5	6	6	5	5	1
1	2	7	1	5	1	1i	1	8	13	8	11	9	11	11	7	9	8	11	12	9	12	11	7	11	9	12	7	10	10	10	12	9	5	4	5	5	4	6	4	4	4	4	1
1	2	8	1	5	1	7	1	5	12	10	7	8	11	10	8	9	11	8	11	8	13	9	12	8	9	8	10	11	10	10	11	11	5	5	6	5	4	6	6	5	4	5	0
1	2	9	1	5	1	5	1	1t	12	10	7	8	11	10	8	9	11	8	11	8	13	9	12	8	9	8	10	11	10	10	11	11	5	5	5	5	5	4	4	5	5	5	1
1	2	10	2	5	1	2i	1	13	9	10	11	9	12	11	13	10	9	8	11	12	10	8	9	8	9	10	10	10	12	10	13	11	5	4	5	6	4	6	5	5	5	4	1
1	2	11	2	5	1	13	1	2t	9	10	11	9	12	11	13	10	9	8	11	12	10	8	9	8	9	10	10	10	12	10	13	11	5	4	5	6	4	6	5	5	5	4	0
1	2	12	2	6	1	2i	1	13	13	8	11	9	11	11	7	9	8	11	12	9	12	11	7	11	9	12	7	10	10	10	12	9	5	4	5	5	4	6	4	4	4	4	0
1	2	13	2	7	3	10	12	15	3	11	14	16	13	8	11	9	11	11	7	9	8	11	12	9	12	11	7	11	9	12	7	10	10	10	12	9	5	5	5	5	4	5	4	5	5	6	0
1	2	14	2	6	1	13	1	2t	11	11	13	8	11	8	8	11	10	10	11	12	9	11	9	12	12	9	11	10	10	12	9	9	4	6	5	4	5	4	4	6	6	5	2
1	2	15	2	4	1	2i	1	13	9	10	11	9	12	11	13	10	9	8	11	12	10	8	9	8	9	10	10	10	12	10	13	11	4	6	5	4	5	4	4	6	6	5	0
1	2	16	2	4	1	13	1	2t	9	10	11	9	12	11	13	10	9	8	11	12	10	8	9	8	9	10	10	10	12	10	13	11	5	5	5	5	4	5	4	5	5	6	2
1	2	17	3	4	1	3i	1	18	9	10	11	9	12	11	13	10	9	8	11	12	10	8	9	8	9	10	10	10	12	10	13	11	5	5	6	5	4	6	6	5	4	5	0
1	2	18	3	4	1	17	1	20	12	10	7	8	11	10	8	9	11	8	11	8	13	9	12	8	9	8	10	11	10	10	11	11	5	5	5	5	5	4	4	5	5	5	0
1	2	19	3	4	1	3i	1	20	12	10	7	8	11	10	8	9	11	8	11	8	13	9	12	8	9	8	10	11	10	10	11	11	5	5	5	5	5	4	4	5	5	5	2
1	2	20	3	7	3	18	19	22	2	21	23	12	10	7	8	11	10	8	9	11	8	11	8	13	9	12	8	9	8	10	11	10	10	11	11	5	5	5	5	5	4	4	5	5	5	0
1	2	21	3	7	1	20	1	3t	13	8	11	9	11	11	7	9	8	11	12	9	12	11	7	11	9	12	7	10	10	10	12	9	5	6	5	5	4	5	5	5	5	5	2
1	2	22	3	3	1	3i	1	20	13	8	11	9	11	11	7	9	8	11	12	9	12	11	7	11	9	12	7	10	10	10	12	9	5	6	5	5	4	5	5	5	5	5	0
1	2	23	3	6	1	20	1	3t	8	13	11	10	11	10	11	10	11	10	13	8	8	8	7	9	10	9	12	11	12	13	13	8	5	6	5	5	4	5	5	5	5	5	1
1	2	24	4	4	1	4i	1	25	8	13	11	10	11	10	11	10	11	10	13	8	8	8	7	9	10	9	12	11	12	13	13	8	6	4	6	6	6	4	5	5	5	4	2
1	2	25	4	4	1	24	1	28	8	13	11	10	11	10	11	10	11	10	13	8	8	8	7	9	10	9	12	11	12	13	13	8	6	4	6	6	6	4	5	5	5	4	2
1	2	26	4	2	1	28	1	4t	8	13	11	10	11	10	11	10	11	10	13	8	8	8	7	9	10	9	12	11	12	13	13	8	5	6	5	5	4	5	5	5	5	5	0
1	2	27	4	4	1	4i	1	28	8	13	11	10	11	10	11	10	11	10	13	8	8	8	7	9	10	9	12	11	12	13	13	8	5	6	5	5	4	5	5	5	5	5	1
1	2	28	4	7	3	25	27	30	4	26	29	31	32	13	8	11	9	11	11	7	9	8	11	12	9	12	11	7	11	9	12	7	10	10	10	12	9	5	6	5	5	4	5	5	5	5	5	0
1	2	29	4	4	1	28	1	4t	13	8	11	9	11	11	7	9	8	11	12	9	12	11	7	11	9	12	7	10	10	10	12	9	5	4	5	5	6	5	6	6	5	5	1
1	2	30	4	3	1	4i	1	28	13	8	11	9	11	11	7	9	8	11	12	9	12	11	7	11	9	12	7	10	10	10	12	9	5	4	5	5	6	5	6	6	5	5	2
1	2	31	4	1	1	28	1	4t	13	8	11	9	11	11	7	9	8	11	12	9	12	11	7	11	9	12	7	10	10	10	12	9	5	5	6	5	4	6	6	5	4	5	1
1	2	32	4	3	1	28	1	4t	13	8	11	9	11	11	7	9	8	11	12	9	12	11	7	11	9	12	7	10	10	10	12	9	5	5	5	5	5	4	4	5	5	5	2
1	2	33	5	4	1	5i	1	34	13	8	11	9	11	11	7	9	8	11	12	9	12	11	7	11	9	12	7	10	10	10	12	9	4	4	5	5	5	6	5	5	6	6	0
1	2	34	5	7	2	33	36	2	35	38	13	8	11	9	11	11	7	9	8	11	12	9	12	11	7	11	9	12	7	10	10	10	12	9	4	4	5	5	5	6	5	5	6	6	0
1	2	35	5	4	2	34	37	1	5t	8	11	8	10	10	12	10	9	11	11	10	9	8	11	9	7	12	8	10	11	9	11	9	11	5	6	5	5	4	5	5	5	5	5	1
1	2	36	5	6	1	5i	2	34	37	8	11	8	10	10	12	10	9	11	11	10	9	8	11	9	7	12	8	10	11	9	11	9	11	5	4	4	6	4	5	4	6	5	5	0
1	2	37	5	5	2	36	39	2	35	38	8	11	8	10	10	12	10	9	11	11	10	9	8	11	9	7	12	8	10	11	9	11	9	11	5	4	4	6	4	5	4	6	5	5	0
1	2	38	5	5	2	34	37	1	5t	8	11	8	10	10	12	10	9	11	11	10	9	8	11	9	7	12	8	10	11	9	11	9	11	5	4	5	4	4	5	4	6	6	5	1
1	2	39	5	5	1	5i	1	37	8	11	8	10	10	12	10	9	11	11	10	9	8	11	9	7	12	8	10	11	9	11	9	11	5	4	4	6	4	5	4	6	5	5	1
1	2	40	6	1	1	6i	1	43	11	10	7	9	10	9	8	12	10	12	9	12	9	12	12	9	8	12	13	9	11	10	12	12	5	4	5	5	6	5	6	6	5	5	0
1	2	41	6	4	1	43	1	6t	11	10	7	9	10	9	8	12	10	12	9	12	9	12	12	9	8	12	13	9	11	10	12	12	5	4	5	5	6	5	6	6	5	5	2
1	2	42	6	4	1	6i	1	43	11	10	7	9	10	9	8	12	10	12	9	12	9	12	12	9	8	12	13	9	11	10	12	12	4	5	5	6	5	6	5	5	6	4	1
1	2	43	6	7	2	40	42	2	41	44	11	10	7	9	10	9	8	12	10	12	9	12	9	12	12	9	8	12	13	9	11	10	12	12	4	5	5	6	5	6	5	5	6	4	0
1	2	44	6	7	1	43	1	6t	11	10	7	9	10	9	8	12	10	12	9	12	9	12	12	9	8	12	13	9	11	10	12	12	4	5	5	6	5	6	5	5	6	4	1
1	2	45	6	3	1	6i	1	6t	11	10	7	9	10	9	8	12	10	12	9	12	9	12	12	9	8	12	13	9	11	10	12	12	4	4	5	6	6	4	5	5	5	5	0
1	2	46	7	2	1	7i	1	49	11	10	7	9	10	9	8	12	10	12	9	12	9	12	12	9	8	12	13	9	11	10	12	12	4	4	5	6	6	4	5	5	5	5	2
1	2	47	7	4	1	49	1	7t	8	12	13	10	12	11	8	8	9	11	12	12	9	10	8	8	8	11	10	8	10	8	7	12	4	4	5	6	6	4	5	5	5	5	2
1	2	48	7	4	1	7i	1	49	8	12	13	10	12	11	8	8	9	11	12	12	9	10	8	8	8	11	10	8	10	8	7	12	5	4	5	5	6	5	6	6	5	5	2
1	2	49	7	7	3	46	48	51	3	47	50	52	8	12	13	10	12	11	8	8	9	11	12	12	9	10	8	8	8	11	10	8	10	8	7	12	5	4	5	5	6	5	6	6	5	5	0
1	2	50	7	5	1	49	1	7t	8	12	13	10	12	11	8	8	9	11	12	12	9	10	8	8	8	11	10	8	10	8	7	12	5	5	5	4	6	4	4	5	4	5	2
1	2	51	7	3	1	7i	1	49	8	12	13	10	12	11	8	8	9	11	12	12	9	10	8	8	8	11	10	8	10	8	7	12	5	5	5	4	6	4	4	5	4	5	1
1	2	52	7	7	1	49	1	7t	8	12	13	10	12	11	8	8	9	11	12	12	9	10	8	8	8	11	10	8	10	8	7	12	5	5	5	4	6	4	4	5	4	5	0
1	2	53	8	4	1	8i	1	56	10	13	11	10	12	12	13	7	12	11	13	10	10	12	8	10	12	10	12	11	11	8	11	8	5	6	6	4	5	5	5	5	6	5	2
1	2	54	8	2	1	53	1	57	10	13	11	10	12	12	13	7	12	11	13	10	10	12	8	10	12	10	12	11	11	8	11	8	5	6	6	4	5	5	5	5	6	5	2
1	2	55	8	4	1	8i	1	56	10	13	11	10	12	12	13	7	12	11	13	10	10	12	8	10	12	10	12	11	11	8	11	8	5	6	6	4	5	5	5	5	6	5	1
1	2	56	8	7	2	53	55	1	57	10	13	11	10	12	12	13	7	12	11	13	10	10	12	8	10	12	10	12	11	11	8	11	8	5	6	6	4	5	5	5	5	6	5	1
1	2	57	8	7	3	54	56	59	1	8t	10	13	11	10	12	12	13	7	12	11	13	10	10	12	8	10	12	10	12	11	11	8	11	8	6	5	5	5	5	5	5	4	4	6	0
1	2	58	8	6	1	8i	1	59	11	11	11	12	13	12	10	13	10	7	8	12	10	12	8	10	11	7	11	9	7	10	8	8	6	5	5	5	5	5	5	4	4	6	2
1	2	59	8	6	1	58	2	57	60	11	11	11	12	13	12	10	13	10	7	8	12	10	12	8	10	11	7	11	9	7	10	8	8	6	5	5	5	5	5	5	4	4	6	1
1	2	60	8	3	1	59	1	8t	11	11	11	12	13	12	10	13	10	7	8	12	10	12	8	10	11	7	11	9	7	10	8	8	4	4	5	6	5	4	5	5	6	4	0
1	2	61	9	4	1	9i	1	62	11	11	11	12	13	12	10	13	10	7	8	12	10	12	8	10	11	7	11	9	7	10	8	8	4	4	5	6	5	4	5	5	6	4	1
1	2	62	9	4	1	61	2	63	65	11	11	11	12	13	12	10	13	10	7	8	12	10	12	8	10	11	7	11	9	7	10	8	8	6	5	5	4	5	5	4	5	4	5	1
1	2	63	9	2	1	62	1	66	11	11	11	12	13	12	10	13	10	7	8	12	10	12	8	10	11	7	11	9	7	10	8	8	6	5	5	4	5	5	4	5	4	5	0
1	2	64	9	1	1	9i	1	65	11	11	11	12	13	12	10	13	10	7	8	12	10	12	8	10	11	7	11	9	7	10	8	8	6	5	5	4	5	5	4	5	4	5	2
1	2	65	9	4	2	62	64	1	66	11	11	11	12	13	12	10	13	10	7	8	12	10	12	8	10	11	7	11	9	7	10	8	8	5	5	5	5	5	6	6	5	5	5	0
1	2	66	9	7	2	63	65	1	9t	11	11	11	12	13	12	10	13	10	7	8	12	10	12	8	10	11	7	11	9	7	10	8	8	5	5	5	5	5	6	6	5	5	5	0
1	2	67	9	3	1	9i	1	9t	8	8	8	7	11	9	10	11	10	10	10	8	10	12	12	9	8	10	11	10	8	13	7	8	4	6	6	6	5	5	4	5	5	4	0
1	2	68	10	6	1	10i	1	69	8	8	8	7	11	9	10	11	10	10	10	8	10	12	12	9	8	10	11	10	8	13	7	8	4	6	6	6	5	5	4	5	5	4	1
1	2	69	10	6	2	68	71	2	70	73	8	8	8	7	11	9	10	11	10	10	10	8	10	12	12	9	8	10	11	10	8	13	7	8	4	6	6	6	5	5	4	5	5	4	0
1	2	70	10	4	2	69	72	1	10t	8	8	8	7	11	9	10	11	10	10	10	8	10	12	12	9	8	10	11	10	8	13	7	8	4	6	6	6	5	5	4	5	5	4	0
1	2	71	10	4	1	10i	2	69	72	8	8	8	7	11	9	10	11	10	10	10	8	10	12	12	9	8	10	11	10	8	13	7	8	4	5	4	5	5	5	5	5	4	4	2
1	2	72	10	7	2	71	74	2	70	73	8	8	8	7	11	9	10	11	10	10	10	8	10	12	12	9	8	10	11	10	8	13	7	8	4	5	4	5	5	5	5	5	4	4	0
1	2	73	10	6	2	69	72	1	10t	8	8	8	7	11	9	10	11	10	10	10	8	10	12	12	9	8	10	11	10	8	13	7	8	4	5	4	5	5	5	5	5	4	4	1
1	2	74	10	3	1	10i	1	72	8	8	8	7	11	9	10	11	10	10	10	8	10	12	12	9	8	10	11	10	8	13	7	8	4	5	4	5	5	5	5	5	4	4	1
