6
6	18	19	30	218	60
6	0	60	0	2	89	90	10	1	2	3	4	5	6	7	8	9	10
6	0	61	1	89	1	91	9	1	2	3	5	6	7	8	9	10
6	0	62	1	90	2	92	93	8	1	2	3	4	5	6	7	10
6	0	63	2	90	91	1	94	2	8	9
6	0	64	2	91	92	1	95	7	1	2	3	5	6	7	10
6	0	65	1	93	3	96	97	98	7	1	2	3	4	5	6	10
6	0	66	2	95	96	2	99	100	6	1	2	3	5	6	10
6	0	67	1	97	2	101	102	6	1	2	3	4	6	10
6	0	68	1	98	2	103	104	6	1	2	3	4	5	6
6	0	69	1	99	2	105	106	5	1	2	5	6	10
6	0	70	2	100	101	2	107	108	5	1	2	3	6	10
6	0	71	1	103	2	109	110	5	1	2	3	5	6
6	0	72	2	102	104	1	111	5	1	2	3	4	6
6	0	73	2	105	107	2	112	113	4	1	2	6	10
6	0	74	2	106	109	1	114	4	1	2	5	6
6	0	75	3	108	110	111	1	115	4	1	2	3	6
6	0	76	1	112	1	116	3	2	6	10
6	0	77	3	113	114	115	1	117	3	1	2	6
6	0	78	2	116	117	1	118	2	2	6
6	1	89	1	60	0	1	61	3	632	634	637
6	1	90	1	60	0	2	62	63	3	639	641	644
6	1	91	1	61	1	89	2	63	64	3	645	648	651
6	1	92	1	62	1	90	1	64	3	652	654	657
6	1	93	1	62	1	90	1	65	3	659	662	665
6	1	94	1	63	2	90	91	0	3	668	670	673
6	1	95	1	64	2	91	92	1	66	3	675	677	680
6	1	96	1	65	1	93	1	66	3	682	684	687
6	1	97	1	65	1	93	1	67	3	690	692	695
6	1	98	1	65	1	93	1	68	3	696	698	701
6	1	99	1	66	2	95	96	1	69	3	703	706	709
6	1	100	1	66	2	95	96	1	70	3	710	712	715
6	1	101	1	67	1	97	1	70	3	717	720	723
6	1	102	1	67	1	97	1	72	3	724	727	730
6	1	103	1	68	1	98	1	71	3	733	735	738
6	1	104	1	68	1	98	1	72	3	740	742	745
6	1	105	1	69	1	99	1	73	3	748	751	754
6	1	106	1	69	1	99	1	74	3	755	757	760
6	1	107	1	70	2	100	101	1	73	3	762	764	767
6	1	108	1	70	2	100	101	1	75	3	769	772	775
6	1	109	1	71	1	103	1	74	3	776	779	782
6	1	110	1	71	1	103	1	75	3	784	786	789
6	1	111	1	72	2	102	104	1	75	3	791	793	796
6	1	112	1	73	2	105	107	1	76	3	798	800	803
6	1	113	1	73	2	105	107	1	77	3	804	807	810
6	1	114	1	74	2	106	109	1	77	3	812	814	817
6	1	115	1	75	3	108	110	111	1	77	3	819	821	824
6	1	116	1	76	1	112	1	78	3	827	830	833
6	1	117	1	77	3	113	114	115	1	78	3	836	838	841
6	1	118	1	78	2	116	117	0	3	843	846	849
6	2	632	89	4	1	89i	1	633	9	10	11	9	12	11	13	10	9	8	11	12	10	8	9	8	9	10	10	10	12	10	13	11	4	5	4	6	6	5	5	5	6	5	0
6	2	633	89	4	1	632	1	635	9	10	11	9	12	11	13	10	9	8	11	12	10	8	9	8	9	10	10	10	12	10	13	11	4	5	4	6	6	5	5	5	6	5	0
6	2	634	89	4	1	89i	1	635	9	10	11	9	12	11	13	10	9	8	11	12	10	8	9	8	9	10	10	10	12	10	13	11	4	5	4	6	6	5	5	5	6	5	0
6	2	635	89	7	3	633	634	637	2	636	638	9	10	11	9	12	11	13	10	9	8	11	12	10	8	9	8	9	10	10	10	12	10	13	11	4	5	4	6	6	5	5	5	6	5	0
6	2	636	89	7	1	635	1	89t	9	10	11	9	12	11	13	10	9	8	11	12	10	8	9	8	9	10	10	10	12	10	13	11	4	5	4	6	6	5	5	5	6	5	0
6	2	637	89	3	1	89i	1	635	9	10	11	9	12	11	13	10	9	8	11	12	10	8	9	8	9	10	10	10	12	10	13	11	4	5	4	6	6	5	5	5	6	5	0
6	2	638	89	6	1	635	1	89t	9	10	11	9	12	11	13	10	9	8	11	12	10	8	9	8	9	10	10	10	12	10	13	11	4	5	4	6	6	5	5	5	6	5	0
6	2	639	90	2	1	90i	1	642	620	623	9	10	11	9	12	11	13	10	9	8	11	12	10	8	9	8	9	10	10	10	12	10	13	11	4	5	4	6	6	5	5	5	6	5	0
6	2	640	90	5	1	642	1	90t	9	10	11	9	12	11	13	10	9	8	11	12	10	8	9	8	9	10	10	10	12	10	13	11	4	5	4	6	6	5	5	5	6	5	0
6	2	641	90	4	1	90i	1	642	9	10	11	9	12	11	13	10	9	8	11	12	10	8	9	8	9	10	10	10	12	10	13	11	4	5	4	6	6	5	5	5	6	5	0
6	2	642	90	7	3	639	641	644	2	640	643	9	10	11	9	12	11	13	10	9	8	11	12	10	8	9	8	9	10	10	10	12	10	13	11	4	5	4	6	6	5	5	5	6	5	0
6	2	643	90	4	1	642	1	90t	9	10	11	9	12	11	13	10	9	8	11	12	10	8	9	8	9	10	10	10	12	10	13	11	4	5	4	6	6	5	5	5	6	5	0
6	2	644	90	5	1	90i	1	642	13	8	11	9	11	11	7	9	8	11	12	9	12	11	7	11	9	12	7	10	10	10	12	9	4	4	5	6	4	4	4	5	5	5	1
6	2	645	91	4	1	91i	1	646	13	8	11	9	11	11	7	9	8	11	12	9	12	11	7	11	9	12	7	10	10	10	12	9	4	4	5	6	4	4	4	5	5	5	1
6	2	646	91	7	2	645	648	2	647	650	13	8	11	9	11	11	7	9	8	11	12	9	12	11	7	11	9	12	7	10	10	10	12	9	4	4	5	6	4	4	4	5	5	5	1
6	2	647	91	4	2	646	649	1	91t	13	8	11	9	11	11	7	9	8	11	12	9	12	11	7	11	9	12	7	10	10	10	12	9	4	4	5	6	4	4	4	5	5	5	1
6	2	648	91	6	1	91i	2	646	649	13	8	11	9	11	11	7	9	8	11	12	9	12	11	7	11	9	12	7	10	10	10	12	9	4	4	5	6	4	4	4	5	5	5	1
6	2	649	91	5	2	648	651	2	647	650	13	8	11	9	11	11	7	9	8	11	12	9	12	11	7	11	9	12	7	10	10	10	12	9	4	4	5	6	4	4	4	5	5	5	1
6	2	650	91	5	2	646	649	1	91t	13	8	11	9	11	11	7	9	8	11	12	9	12	11	7	11	9	12	7	10	10	10	12	9	4	4	5	6	4	4	4	5	5	5	1
6	2	651	91	5	1	91i	1	649	13	8	11	9	11	11	7	9	8	11	12	9	12	11	7	11	9	12	7	10	10	10	12	9	4	4	5	6	4	4	4	5	5	5	1
6	2	652	92	4	1	92i	2	653	655	13	8	11	9	11	11	7	9	8	11	12	9	12	11	7	11	9	12	7	10	10	10	12	9	4	4	5	6	4	4	4	5	5	5	1
6	2	653	92	2	1	652	1	656	13	8	11	9	11	11	7	9	8	11	12	9	12	11	7	11	9	12	7	10	10	10	12	9	4	4	5	6	4	4	4	5	5	5	1
6	2	654	92	1	1	92i	1	655	13	8	11	9	11	11	7	9	8	11	12	9	12	11	7	11	9	12	7	10	10	10	12	9	4	4	5	6	4	4	4	5	5	5	1
6	2	655	92	7	3	652	654	657	1	656	9	10	11	9	12	11	13	10	9	8	11	12	10	8	9	8	9	10	10	10	12	10	13	11	4	6	5	4	5	4	4	6	6	5	0
6	2	656	92	7	3	653	655	658	1	92t	9	10	11	9	12	11	13	10	9	8	11	12	10	8	9	8	9	10	10	10	12	10	13	11	4	6	5	4	5	4	4	6	6	5	0
6	2	657	92	5	1	92i	2	656	658	9	10	11	9	12	11	13	10	9	8	11	12	10	8	9	8	9	10	10	10	12	10	13	11	4	6	5	4	5	4	4	6	6	5	0
6	2	658	92	3	1	657	1	656	9	10	11	9	12	11	13	10	9	8	11	12	10	8	9	8	9	10	10	10	12	10	13	11	4	6	5	4	5	4	4	6	6	5	0
6	2	659	93	4	1	93i	1	660	9	10	11	9	12	11	13	10	9	8	11	12	10	8	9	8	9	10	10	10	12	10	13	11	4	6	5	4	5	4	4	6	6	5	0
6	2	660	93	4	1	659	1	663	9	10	11	9	12	11	13	10	9	8	11	12	10	8	9	8	9	10	10	10	12	10	13	11	4	6	5	4	5	4	4	6	6	5	0
6	2	661	93	4	1	663	1	93t	9	10	11	9	12	11	13	10	9	8	11	12	10	8	9	8	9	10	10	10	12	10	13	11	4	6	5	4	5	4	4	6	6	5	0
6	2	662	93	6	1	93i	1	663	9	10	11	9	12	11	13	10	9	8	11	12	10	8	9	8	9	10	10	10	12	10	13	11	4	6	5	4	5	4	4	6	6	5	0
6	2	663	93	7	3	660	662	666	3	661	664	667	9	10	11	9	12	11	13	10	9	8	11	12	10	8	9	8	9	10	10	10	12	10	13	11	4	6	5	4	5	4	4	6	6	5	0
6	2	664	93	6	1	663	1	93t	9	10	11	9	12	11	13	10	9	8	11	12	10	8	9	8	9	10	10	10	12	10	13	11	4	6	5	4	5	4	4	6	6	5	0
6	2	665	93	5	1	93i	1	666	9	10	11	9	12	11	13	10	9	8	11	12	10	8	9	8	9	10	10	10	12	10	13	11	4	6	5	4	5	4	4	6	6	5	0
6	2	666	93	5	1	665	1	663	9	10	11	9	12	11	13	10	9	8	11	12	10	8	9	8	9	10	10	10	12	10	13	11	4	6	5	4	5	4	4	6	6	5	0
6	2	667	93	5	1	663	1	93t	9	10	11	9	12	11	13	10	9	8	11	12	10	8	9	8	9	10	10	10	12	10	13	11	4	6	5	4	5	4	4	6	6	5	0
6	2	668	94	5	1	94i	1	671	8	8	8	7	11	9	10	11	10	10	10	8	10	12	12	9	8	10	11	10	8	13	7	8	4	5	4	5	5	5	5	5	4	4	2
6	2	669	94	5	1	671	1	94t	8	8	8	7	11	9	10	11	10	10	10	8	10	12	12	9	8	10	11	10	8	13	7	8	4	5	4	5	5	5	5	5	4	4	2
6	2	670	94	6	1	94i	1	671	8	8	8	7	11	9	10	11	10	10	10	8	10	12	12	9	8	10	11	10	8	13	7	8	4	5	4	5	5	5	5	5	4	4	2
6	2	671	94	7	3	668	670	673	3	669	672	674	8	8	8	7	11	9	10	11	10	10	10	8	10	12	12	9	8	10	11	10	8	13	7	8	4	5	4	5	5	5	5	5	4	4	2
6	2	672	94	6	1	671	1	94t	8	8	8	7	11	9	10	11	10	10	10	8	10	12	12	9	8	10	11	10	8	13	7	8	4	5	4	5	5	5	5	5	4	4	2
6	2	673	94	4	1	94i	1	671	8	8	8	7	11	9	10	11	10	10	10	8	10	12	12	9	8	10	11	10	8	13	7	8	4	5	4	5	5	5	5	5	4	4	2
6	2	674	94	4	1	671	1	94t	8	8	8	7	11	9	10	11	10	10	10	8	10	12	12	9	8	10	11	10	8	13	7	8	4	5	4	5	5	5	5	5	4	4	2
6	2	675	95	2	1	95i	1	678	8	8	8	7	11	9	10	11	10	10	10	8	10	12	12	9	8	10	11	10	8	13	7	8	4	5	4	5	5	5	5	5	4	4	2
6	2	676	95	4	1	678	1	95t	14	14	12	16	16	19	17	11	20	20	18	15	13	17	11	14	12	14	15	18	17	11	19	14	30	27	24	22	25	22	29	30	22	24	2
6	2	677	95	4	1	95i	1	678	10	13	11	10	12	12	13	7	12	11	13	10	10	12	8	10	12	10	12	11	11	8	11	8	5	6	6	4	5	5	5	5	6	5	2
6	2	678	95	7	3	675	677	680	3	676	679	681	10	13	11	10	12	12	13	7	12	11	13	10	10	12	8	10	12	10	12	11	11	8	11	8	5	6	6	4	5	5	5	5	6	5	2
6	2	679	95	5	1	678	1	95t	10	13	11	10	12	12	13	7	12	11	13	10	10	12	8	10	12	10	12	11	11	8	11	8	5	6	6	4	5	5	5	5	6	5	2
6	2	680	95	3	1	95i	1	678	10	13	11	10	12	12	13	7	12	11	13	10	10	12	8	10	12	10	12	11	11	8	11	8	5	6	6	4	5	5	5	5	6	5	2
6	2	681	95	7	1	678	1	95t	10	13	11	10	12	12	13	7	12	11	13	10	10	12	8	10	12	10	12	11	11	8	11	8	5	6	6	4	5	5	5	5	6	5	2
6	2	682	96	4	1	96i	2	683	685	10	13	11	10	12	12	13	7	12	11	13	10	10	12	8	10	12	10	12	11	11	8	11	8	5	6	6	4	5	5	5	5	6	5	2
6	2	683	96	2	1	682	1	686	10	13	11	10	12	12	13	7	12	11	13	10	10	12	8	10	12	10	12	11	11	8	11	8	5	6	6	4	5	5	5	5	6	5	2
6	2	684	96	4	1	96i	1	685	10	13	11	10	12	12	13	7	12	11	13	10	10	12	8	10	12	10	12	11	11	8	11	8	5	6	6	4	5	5	5	5	6	5	2
6	2	685	96	7	2	682	684	1	686	10	13	11	10	12	12	13	7	12	11	13	10	10	12	8	10	12	10	12	11	11	8	11	8	5	6	6	4	5	5	5	5	6	5	2
6	2	686	96	7	3	683	685	688	1	96t	10	13	11	10	12	12	13	7	12	11	13	10	10	12	8	10	12	10	12	11	11	8	11	8	5	6	6	4	5	5	5	5	6	5	2
6	2	687	96	6	1	96i	1	688	10	13	11	10	12	12	13	7	12	11	13	10	10	12	8	10	12	10	12	11	11	8	11	8	5	6	6	4	5	5	5	5	6	5	2
6	2	688	96	6	1	687	2	686	689	10	13	11	10	12	12	13	7	12	11	13	10	10	12	8	10	12	10	12	11	11	8	11	8	5	6	6	4	5	5	5	5	6	5	2
6	2	689	96	3	1	688	1	96t	10	13	11	10	12	12	13	7	12	11	13	10	10	12	8	10	12	10	12	11	11	8	11	8	5	6	6	4	5	5	5	5	6	5	2
6	2	690	97	1	1	97i	1	693	10	13	11	10	12	12	13	7	12	11	13	10	10	12	8	10	12	10	12	11	11	8	11	8	5	6	6	4	5	5	5	5	6	5	2
6	2	691	97	4	1	693	1	97t	10	13	11	10	12	12	13	7	12	11	13	10	10	12	8	10	12	10	12	11	11	8	11	8	5	6	6	4	5	5	5	5	6	5	2
6	2	692	97	4	1	97i	1	693	10	13	11	10	12	12	13	7	12	11	13	10	10	12	8	10	12	10	12	11	11	8	11	8	5	6	6	4	5	5	5	5	6	5	2
6	2	693	97	7	2	690	692	2	691	694	8	11	8	10	10	12	10	9	11	11	10	9	8	11	9	7	12	8	10	11	9	11	9	11	5	4	4	6	4	5	4	6	5	5	0
6	2	694	97	4	1	693	1	97t	8	11	8	10	10	12	10	9	11	11	10	9	8	11	9	7	12	8	10	11	9	11	9	11	5	4	4	6	4	5	4	6	5	5	0
6	2	695	97	3	1	97i	1	97t	8	11	8	10	10	12	10	9	11	11	10	9	8	11	9	7	12	8	10	11	9	11	9	11	5	4	4	6	4	5	4	6	5	5	0
6	2	696	98	2	1	98i	1	699	8	11	8	10	10	12	10	9	11	11	10	9	8	11	9	7	12	8	10	11	9	11	9	11	5	4	4	6	4	5	4	6	5	5	0
6	2	697	98	4	1	699	1	98t	8	11	8	10	10	12	10	9	11	11	10	9	8	11	9	7	12	8	10	11	9	11	9	11	5	4	4	6	4	5	4	6	5	5	0
6	2	698	98	4	1	98i	1	699	8	11	8	10	10	12	10	9	11	11	10	9	8	11	9	7	12	8	10	11	9	11	9	11	5	4	4	6	4	5	4	6	5	5	0
6	2	699	98	7	3	696	698	701	3	697	700	702	8	11	8	10	10	12	10	9	11	11	10	9	8	11	9	7	12	8	10	11	9	11	9	11	5	4	4	6	4	5	4	6	5	5	0
6	2	700	98	5	1	699	1	98t	8	11	8	10	10	12	10	9	11	11	10	9	8	11	9	7	12	8	10	11	9	11	9	11	5	4	4	6	4	5	4	6	5	5	0
6	2	701	98	3	1	98i	1	699	8	11	8	10	10	12	10	9	11	11	10	9	8	11	9	7	12	8	10	11	9	11	9	11	5	4	4	6	4	5	4	6	5	5	0
6	2	702	98	7	1	699	1	98t	8	11	8	10	10	12	10	9	11	11	10	9	8	11	9	7	12	8	10	11	9	11	9	11	5	4	4	6	4	5	4	6	5	5	0
6	2	703	99	4	1	99i	1	704	8	11	8	10	10	12	10	9	11	11	10	9	8	11	9	7	12	8	10	11	9	11	9	11	5	4	4	6	4	5	4	6	5	5	0
6	2	704	99	4	1	703	2	705	707	8	11	8	10	10	12	10	9	11	11	10	9	8	11	9	7	12	8	10	11	9	11	9	11	5	4	4	6	4	5	4	6	5	5	0
6	2	705	99	2	1	704	1	708	8	11	8	10	10	12	10	9	11	11	10	9	8	11	9	7	12	8	10	11	9	11	9	11	5	4	4	6	4	5	4	6	5	5	0
6	2	706	99	1	1	99i	1	707	8	11	8	10	10	12	10	9	11	11	10	9	8	11	9	7	12	8	10	11	9	11	9	11	5	4	4	6	4	5	4	6	5	5	0
6	2	707	99	4	2	704	706	1	708	8	11	8	10	10	12	10	9	11	11	10	9	8	11	9	7	12	8	10	11	9	11	9	11	5	4	4	6	4	5	4	6	5	5	0
6	2	708	99	7	2	705	707	1	99t	8	12	13	10	12	11	8	8	9	11	12	12	9	10	8	8	8	11	10	8	10	8	7	12	5	5	5	4	6	4	4	5	4	5	1
6	2	709	99	3	1	99i	1	99t	8	12	13	10	12	11	8	8	9	11	12	12	9	10	8	8	8	11	10	8	10	8	7	12	5	5	5	4	6	4	4	5	4	5	1
6	2	710	100	2	1	100i	1	713	8	12	13	10	12	11	8	8	9	11	12	12	9	10	8	8	8	11	10	8	10	8	7	12	5	5	5	4	6	4	4	5	4	5	1
6	2	711	100	4	1	713	1	100t	8	12	13	10	12	11	8	8	9	11	12	12	9	10	8	8	8	11	10	8	10	8	7	12	5	5	5	4	6	4	4	5	4	5	1
6	2	712	100	4	1	100i	2	713	716	8	12	13	10	12	11	8	8	9	11	12	12	9	10	8	8	8	11	10	8	10	8	7	12	5	5	5	4	6	4	4	5	4	5	1
6	2	713	100	7	3	710	712	715	2	711	714	8	12	13	10	12	11	8	8	9	11	12	12	9	10	8	8	8	11	10	8	10	8	7	12	5	5	5	4	6	4	4	5	4	5	1
6	2	714	100	7	2	713	716	1	100t	8	12	13	10	12	11	8	8	9	11	12	12	9	10	8	8	8	11	10	8	10	8	7	12	5	5	5	4	6	4	4	5	4	5	1
6	2	715	100	5	1	100i	2	713	716	8	12	13	10	12	11	8	8	9	11	12	12	9	10	8	8	8	11	10	8	10	8	7	12	5	5	5	4	6	4	4	5	4	5	1
6	2	716	100	6	2	712	715	1	714	8	12	13	10	12	11	8	8	9	11	12	12	9	10	8	8	8	11	10	8	10	8	7	12	5	5	5	4	6	4	4	5	4	5	1
6	2	717	101	4	1	101i	1	718	8	12	13	10	12	11	8	8	9	11	12	12	9	10	8	8	8	11	10	8	10	8	7	12	5	5	5	4	6	4	4	5	4	5	1
6	2	718	101	4	1	717	1	721	8	12	13	10	12	11	8	8	9	11	12	12	9	10	8	8	8	11	10	8	10	8	7	12	5	5	5	4	6	4	4	5	4	5	1
6	2	719	101	6	1	721	1	101t	8	12	13	10	12	11	8	8	9	11	12	12	9	10	8	8	8	11	10	8	10	8	7	12	5	5	5	4	6	4	4	5	4	5	1
6	2	720	101	1	1	101i	1	721	8	12	13	10	12	11	8	8	9	11	12	12	9	10	8	8	8	11	10	8	10	8	7	12	5	5	5	4	6	4	4	5	4	5	1
6	2	721	101	7	3	718	720	723	2	719	722	8	12	13	10	12	11	8	8	9	11	12	12	9	10	8	8	8	11	10	8	10	8	7	12	5	5	5	4	6	4	4	5	4	5	1
6	2	722	101	4	1	721	1	101t	10	13	11	10	12	12	13	7	12	11	13	10	10	12	8	10	12	10	12	11	11	8	11	8	5	6	6	4	5	5	5	5	6	5	2
6	2	723	101	5	1	101i	1	721	10	13	11	10	12	12	13	7	12	11	13	10	10	12	8	10	12	10	12	11	11	8	11	8	5	6	6	4	5	5	5	5	6	5	2
6	2	724	102	4	1	102i	1	725	10	13	11	10	12	12	13	7	12	11	13	10	10	12	8	10	12	10	12	11	11	8	11	8	5	6	6	4	5	5	5	5	6	5	2
6	2	725	102	4	1	724	1	728	10	13	11	10	12	12	13	7	12	11	13	10	10	12	8	10	12	10	12	11	11	8	11	8	5	6	6	4	5	5	5	5	6	5	2
6	2	726	102	2	1	728	1	102t	10	13	11	10	12	12	13	7	12	11	13	10	10	12	8	10	12	10	12	11	11	8	11	8	5	6	6	4	5	5	5	5	6	5	2
6	2	727	102	4	1	102i	1	728	10	13	11	10	12	12	13	7	12	11	13	10	10	12	8	10	12	10	12	11	11	8	11	8	5	6	6	4	5	5	5	5	6	5	2
6	2	728	102	7	3	725	727	730	4	726	729	731	732	10	13	11	10	12	12	13	7	12	11	13	10	10	12	8	10	12	10	12	11	11	8	11	8	5	6	6	4	5	5	5	5	6	5	2
6	2	729	102	4	1	728	1	102t	10	13	11	10	12	12	13	7	12	11	13	10	10	12	8	10	12	10	12	11	11	8	11	8	5	6	6	4	5	5	5	5	6	5	2
6	2	730	102	3	1	102i	1	728	10	13	11	10	12	12	13	7	12	11	13	10	10	12	8	10	12	10	12	11	11	8	11	8	5	6	6	4	5	5	5	5	6	5	2
6	2	731	102	1	1	728	1	102t	10	13	11	10	12	12	13	7	12	11	13	10	10	12	8	10	12	10	12	11	11	8	11	8	5	6	6	4	5	5	5	5	6	5	2
6	2	732	102	3	1	728	1	102t	10	13	11	10	12	12	13	7	12	11	13	10	10	12	8	10	12	10	12	11	11	8	11	8	5	6	6	4	5	5	5	5	6	5	2
6	2	733	103	5	1	103i	1	736	10	13	11	10	12	12	13	7	12	11	13	10	10	12	8	10	12	10	12	11	11	8	11	8	5	6	6	4	5	5	5	5	6	5	2
6	2	734	103	5	1	736	1	103t	10	13	11	10	12	12	13	7	12	11	13	10	10	12	8	10	12	10	12	11	11	8	11	8	5	6	6	4	5	5	5	5	6	5	2
6	2	735	103	6	1	103i	1	736	10	13	11	10	12	12	13	7	12	11	13	10	10	12	8	10	12	10	12	11	11	8	11	8	5	6	6	4	5	5	5	5	6	5	2
6	2	736	103	7	3	733	735	738	3	734	737	739	10	13	11	10	12	12	13	7	12	11	13	10	10	12	8	10	12	10	12	11	11	8	11	8	5	6	6	4	5	5	5	5	6	5	2
6	2	737	103	6	1	736	1	103t	10	13	11	10	12	12	13	7	12	11	13	10	10	12	8	10	12	10	12	11	11	8	11	8	5	6	6	4	5	5	5	5	6	5	2
6	2	738	103	4	1	103i	1	736	10	13	11	10	12	12	13	7	12	11	13	10	10	12	8	10	12	10	12	11	11	8	11	8	5	6	6	4	5	5	5	5	6	5	2
6	2	739	103	4	1	736	1	103t	11	10	7	9	10	9	8	12	10	12	9	12	9	12	12	9	8	12	13	9	11	10	12	12	5	4	5	5	6	5	6	6	5	5	0
6	2	740	104	4	1	104i	2	741	743	11	10	7	9	10	9	8	12	10	12	9	12	9	12	12	9	8	12	13	9	11	10	12	12	5	4	5	5	6	5	6	6	5	5	0
6	2	741	104	2	1	740	1	744	11	10	7	9	10	9	8	12	10	12	9	12	9	12	12	9	8	12	13	9	11	10	12	12	5	4	5	5	6	5	6	6	5	5	0
6	2	742	104	4	1	104i	1	743	11	10	7	9	10	9	8	12	10	12	9	12	9	12	12	9	8	12	13	9	11	10	12	12	5	4	5	5	6	5	6	6	5	5	0
6	2	743	104	7	2	740	742	1	744	11	10	7	9	10	9	8	12	10	12	9	12	9	12	12	9	8	12	13	9	11	10	12	12	5	4	5	5	6	5	6	6	5	5	0
6	2	744	104	7	3	741	743	746	1	104t	11	10	7	9	10	9	8	12	10	12	9	12	9	12	12	9	8	12	13	9	11	10	12	12	5	4	5	5	6	5	6	6	5	5	0
6	2	745	104	6	1	104i	1	746	11	10	7	9	10	9	8	12	10	12	9	12	9	12	12	9	8	12	13	9	11	10	12	12	5	4	5	5	6	5	6	6	5	5	0
6	2	746	104	6	1	745	2	744	747	11	10	7	9	10	9	8	12	10	12	9	12	9	12	12	9	8	12	13	9	11	10	12	12	5	4	5	5	6	5	6	6	5	5	0
6	2	747	104	3	1	746	1	104t	11	10	7	9	10	9	8	12	10	12	9	12	9	12	12	9	8	12	13	9	11	10	12	12	5	4	5	5	6	5	6	6	5	5	0
6	2	748	105	6	1	105i	1	749	11	10	7	9	10	9	8	12	10	12	9	12	9	12	12	9	8	12	13	9	11	10	12	12	5	4	5	5	6	5	6	6	5	5	0
6	2	749	105	6	2	748	751	2	750	753	11	10	7	9	10	9	8	12	10	12	9	12	9	12	12	9	8	12	13	9	11	10	12	12	5	4	5	5	6	5	6	6	5	5	0
6	2	750	105	4	2	749	752	1	105t	11	10	7	9	10	9	8	12	10	12	9	12	9	12	12	9	8	12	13	9	11	10	12	12	5	4	5	5	6	5	6	6	5	5	0
6	2	751	105	4	1	105i	2	749	752	11	10	7	9	10	9	8	12	10	12	9	12	9	12	12	9	8	12	13	9	11	10	12	12	5	4	5	5	6	5	6	6	5	5	0
6	2	752	105	7	2	751	754	2	750	753	11	10	7	9	10	9	8	12	10	12	9	12	9	12	12	9	8	12	13	9	11	10	12	12	5	4	5	5	6	5	6	6	5	5	0
6	2	753	105	5	2	749	752	1	105t	11	10	7	9	10	9	8	12	10	12	9	12	9	12	12	9	8	12	13	9	11	10	12	12	5	4	5	5	6	5	6	6	5	5	0
6	2	754	105	3	1	105i	1	752	13	8	11	9	11	11	7	9	8	11	12	9	12	11	7	11	9	12	7	10	10	10	12	9	4	4	5	6	4	4	4	5	5	5	1
6	2	755	106	2	1	106i	1	758	13	8	11	9	11	11	7	9	8	11	12	9	12	11	7	11	9	12	7	10	10	10	12	9	4	4	5	6	4	4	4	5	5	5	1
6	2	756	106	4	1	758	1	106t	113	8	11	9	11	11	7	9	8	11	12	9	12	11	7	11	9	12	7	10	10	10	12	9	4	4	5	6	4	4	4	5	5	5	1
6	2	757	106	4	1	106i	1	758	13	8	11	9	11	11	7	9	8	11	12	9	12	11	7	11	9	12	7	10	10	10	12	9	4	4	5	6	4	4	4	5	5	5	1
6	2	758	106	7	3	755	757	760	3	756	759	761	13	8	11	9	11	11	7	9	8	11	12	9	12	11	7	11	9	12	7	10	10	10	12	9	4	4	5	6	4	4	4	5	5	5	1
6	2	759	106	5	1	758	1	106t	13	8	11	9	11	11	7	9	8	11	12	9	12	11	7	11	9	12	7	10	10	10	12	9	4	4	5	6	4	4	4	5	5	5	1
6	2	760	106	3	1	106i	1	758	13	8	11	9	11	11	7	9	8	11	12	9	12	11	7	11	9	12	7	10	10	10	12	9	4	4	5	6	4	4	4	5	5	5	1
6	2	761	106	7	1	758	1	106t	13	8	11	9	11	11	7	9	8	11	12	9	12	11	7	11	9	12	7	10	10	10	12	9	4	4	5	6	4	4	4	5	5	5	1
6	2	762	107	1	1	107i	1	765	13	8	11	9	11	11	7	9	8	11	12	9	12	11	7	11	9	12	7	10	10	10	12	9	4	4	5	6	4	4	4	5	5	5	1
6	2	763	107	1	1	765	1	107t	13	8	11	9	11	11	7	9	8	11	12	9	12	11	7	11	9	12	7	10	10	10	12	9	4	4	5	6	4	4	4	5	5	5	1
6	2	764	107	4	1	107i	1	765	13	8	11	9	11	11	7	9	8	11	12	9	12	11	7	11	9	12	7	10	10	10	12	9	4	4	5	6	4	4	4	5	5	5	1
6	2	765	107	7	3	762	764	767	3	763	766	768	13	8	11	9	11	11	7	9	8	11	12	9	12	11	7	11	9	12	7	10	10	10	12	9	4	4	5	6	4	4	4	5	5	5	1
6	2	766	107	4	1	765	1	107t	13	8	11	9	11	11	7	9	8	11	12	9	12	11	7	11	9	12	7	10	10	10	12	9	4	4	5	6	4	4	4	5	5	5	1
6	2	767	107	6	1	107i	1	765	13	8	11	9	11	11	7	9	8	11	12	9	12	11	7	11	9	12	7	10	10	10	12	9	4	4	5	6	4	4	4	5	5	5	1
6	2	768	107	6	1	765	1	107t	9	10	11	9	12	11	13	10	9	8	11	12	10	8	9	8	9	10	10	10	12	10	13	11	4	6	5	4	5	4	4	6	6	5	0
6	2	769	108	4	1	108i	1	770	9	10	11	9	12	11	13	10	9	8	11	12	10	8	9	8	9	10	10	10	12	10	13	11	4	6	5	4	5	4	4	6	6	5	0
6	2	770	108	7	2	769	772	2	771	774	9	10	11	9	12	11	13	10	9	8	11	12	10	8	9	8	9	10	10	10	12	10	13	11	4	6	5	4	5	4	4	6	6	5	0
6	2	771	108	4	2	770	773	1	108t	9	10	11	9	12	11	13	10	9	8	11	12	10	8	9	8	9	10	10	10	12	10	13	11	4	6	5	4	5	4	4	6	6	5	0
6	2	772	108	6	1	108i	2	770	773	9	10	11	9	12	11	13	10	9	8	11	12	10	8	9	8	9	10	10	10	12	10	13	11	4	6	5	4	5	4	4	6	6	5	0
6	2	773	108	5	2	772	775	2	771	774	9	10	11	9	12	11	13	10	9	8	11	12	10	8	9	8	9	10	10	10	12	10	13	11	4	6	5	4	5	4	4	6	6	5	0
6	2	774	108	5	2	770	773	1	108t	9	10	11	9	12	11	13	10	9	8	11	12	10	8	9	8	9	10	10	10	12	10	13	11	4	6	5	4	5	4	4	6	6	5	0
6	2	775	108	5	1	108i	1	773	9	10	11	9	12	11	13	10	9	8	11	12	10	8	9	8	9	10	10	10	12	10	13	11	4	6	5	4	5	4	4	6	6	5	0
6	2	776	109	4	1	109i	1	777	9	10	11	9	12	11	13	10	9	8	11	12	10	8	9	8	9	10	10	10	12	10	13	11	4	6	5	4	5	4	4	6	6	5	0
6	2	777	109	7	2	776	779	2	778	781	9	10	11	9	12	11	13	10	9	8	11	12	10	8	9	8	9	10	10	10	12	10	13	11	4	6	5	4	5	4	4	6	6	5	0
6	2	778	109	4	1	777	1	109t	9	10	11	9	12	11	13	10	9	8	11	12	10	8	9	8	9	10	10	10	12	10	13	11	4	6	5	4	5	4	4	6	6	5	0
6	2	779	109	5	1	109i	2	777	780	9	10	11	9	12	11	13	10	9	8	11	12	10	8	9	8	9	10	10	10	12	10	13	11	4	6	5	4	5	4	4	6	6	5	0
6	2	780	109	7	2	779	782	2	781	783	8	8	8	7	11	9	10	11	10	10	10	8	10	12	12	9	8	10	11	10	8	13	7	8	4	5	4	5	5	5	5	5	4	4	2
6	2	781	109	6	2	777	780	1	109t	8	8	8	7	11	9	10	11	10	10	10	8	10	12	12	9	8	10	11	10	8	13	7	8	4	5	4	5	5	5	5	5	4	4	2
6	2	782	109	6	1	109i	1	780	8	8	8	7	11	9	10	11	10	10	10	8	10	12	12	9	8	10	11	10	8	13	7	8	4	5	4	5	5	5	5	5	4	4	2
6	2	783	109	1	1	780	1	109t	8	8	8	7	11	9	10	11	10	10	10	8	10	12	12	9	8	10	11	10	8	13	7	8	4	5	4	5	5	5	5	5	4	4	2
6	2	784	110	5	1	110i	1	787	8	8	8	7	11	9	10	11	10	10	10	8	10	12	12	9	8	10	11	10	8	13	7	8	4	5	4	5	5	5	5	5	4	4	2
6	2	785	110	5	1	787	1	110t	8	8	8	7	11	9	10	11	10	10	10	8	10	12	12	9	8	10	11	10	8	13	7	8	4	5	4	5	5	5	5	5	4	4	2
6	2	786	110	6	1	110i	1	787	8	8	8	7	11	9	10	11	10	10	10	8	10	12	12	9	8	10	11	10	8	13	7	8	4	5	4	5	5	5	5	5	4	4	2
6	2	787	110	7	3	784	786	789	3	785	788	790	8	8	8	7	11	9	10	11	10	10	10	8	10	12	12	9	8	10	11	10	8	13	7	8	4	5	4	5	5	5	5	5	4	4	2
6	2	788	110	6	1	787	1	110t	8	8	8	7	11	9	10	11	10	10	10	8	10	12	12	9	8	10	11	10	8	13	7	8	4	5	4	5	5	5	5	5	4	4	2
6	2	789	110	4	1	110i	1	787	8	8	8	7	11	9	10	11	10	10	10	8	10	12	12	9	8	10	11	10	8	13	7	8	4	5	4	5	5	5	5	5	4	4	2
6	2	790	110	4	1	787	1	110t	8	8	8	7	11	9	10	11	10	10	10	8	10	12	12	9	8	10	11	10	8	13	7	8	4	5	4	5	5	5	5	5	4	4	2
6	2	791	111	5	1	111i	1	794	8	8	8	7	11	9	10	11	10	10	10	8	10	12	12	9	8	10	11	10	8	13	7	8	4	5	4	5	5	5	5	5	4	4	2
6	2	792	111	5	1	794	1	111t	8	12	13	10	12	11	8	8	9	11	12	12	9	10	8	8	8	11	10	8	10	8	7	12	5	5	5	4	6	4	4	5	4	5	1
6	2	793	111	6	1	111i	1	794	8	12	13	10	12	11	8	8	9	11	12	12	9	10	8	8	8	11	10	8	10	8	7	12	5	5	5	4	6	4	4	5	4	5	1
6	2	794	111	7	3	791	793	796	3	792	795	797	8	12	13	10	12	11	8	8	9	11	12	12	9	10	8	8	8	11	10	8	10	8	7	12	5	5	5	4	6	4	4	5	4	5	1
6	2	795	111	6	1	794	1	111t	8	12	13	10	12	11	8	8	9	11	12	12	9	10	8	8	8	11	10	8	10	8	7	12	5	5	5	4	6	4	4	5	4	5	1
6	2	796	111	4	1	111i	1	794	8	12	13	10	12	11	8	8	9	11	12	12	9	10	8	8	8	11	10	8	10	8	7	12	5	5	5	4	6	4	4	5	4	5	1
6	2	797	111	4	1	794	1	111t	8	12	13	10	12	11	8	8	9	11	12	12	9	10	8	8	8	11	10	8	10	8	7	12	5	5	5	4	6	4	4	5	4	5	1
6	2	798	112	1	1	112i	1	801	8	12	13	10	12	11	8	8	9	11	12	12	9	10	8	8	8	11	10	8	10	8	7	12	5	5	5	4	6	4	4	5	4	5	1
6	2	799	112	4	1	801	1	112t	8	12	13	10	12	11	8	8	9	11	12	12	9	10	8	8	8	11	10	8	10	8	7	12	5	5	5	4	6	4	4	5	4	5	1
6	2	800	112	4	1	112i	1	801	8	12	13	10	12	11	8	8	9	11	12	12	9	10	8	8	8	11	10	8	10	8	7	12	5	5	5	4	6	4	4	5	4	5	1
6	2	801	112	7	2	798	800	2	799	802	8	12	13	10	12	11	8	8	9	11	12	12	9	10	8	8	8	11	10	8	10	8	7	12	5	5	5	4	6	4	4	5	4	5	1
6	2	802	112	4	1	801	1	112t	8	12	13	10	12	11	8	8	9	11	12	12	9	10	8	8	8	11	10	8	10	8	7	12	5	5	5	4	6	4	4	5	4	5	1
6	2	803	112	3	1	112i	1	112t	8	12	13	10	12	11	8	8	9	11	12	12	9	10	8	8	8	11	10	8	10	8	7	12	5	5	5	4	6	4	4	5	4	5	1
6	2	804	113	4	1	113i	1	805	8	12	13	10	12	11	8	8	9	11	12	12	9	10	8	8	8	11	10	8	10	8	7	12	5	5	5	4	6	4	4	5	4	5	1
6	2	805	113	7	2	804	807	2	806	809	8	12	13	10	12	11	8	8	9	11	12	12	9	10	8	8	8	11	10	8	10	8	7	12	5	5	5	4	6	4	4	5	4	5	1
6	2	806	113	4	1	805	1	113t	8	12	13	10	12	11	8	8	9	11	12	12	9	10	8	8	8	11	10	8	10	8	7	12	5	5	5	4	6	4	4	5	4	5	1
6	2	807	113	5	1	113i	2	805	808	8	12	13	10	12	11	8	8	9	11	12	12	9	10	8	8	8	11	10	8	10	8	7	12	5	5	5	4	6	4	4	5	4	5	1
6	2	808	113	7	2	807	810	2	809	811	8	12	13	10	12	11	8	8	9	11	12	12	9	10	8	8	8	11	10	8	10	8	7	12	5	5	5	4	6	4	4	5	4	5	1
6	2	809	113	6	2	805	808	1	113t	8	12	13	10	12	11	8	8	9	11	12	12	9	10	8	8	8	11	10	8	10	8	7	12	5	5	5	4	6	4	4	5	4	5	1
6	2	810	113	6	1	113i	1	808	8	12	13	10	12	11	8	8	9	11	12	12	9	10	8	8	8	11	10	8	10	8	7	12	5	5	5	4	6	4	4	5	4	5	1
6	2	811	113	1	1	808	1	113t	8	12	13	10	12	11	8	8	9	11	12	12	9	10	8	8	8	11	10	8	10	8	7	12	5	5	5	4	6	4	4	5	4	5	1
6	2	812	114	5	1	114i	1	815	28	12	13	10	12	11	8	8	9	11	12	12	9	10	8	8	8	11	10	8	10	8	7	12	5	5	5	4	6	4	4	5	4	5	1
6	2	813	114	5	1	815	1	114t	8	12	13	10	12	11	8	8	9	11	12	12	9	10	8	8	8	11	10	8	10	8	7	12	5	5	5	4	6	4	4	5	4	5	1
6	2	814	114	6	1	114i	1	815	8	12	13	10	12	11	8	8	9	11	12	12	9	10	8	8	8	11	10	8	10	8	7	12	5	5	5	4	6	4	4	5	4	5	1
6	2	815	114	7	3	812	814	817	3	813	816	818	8	12	13	10	12	11	8	8	9	11	12	12	9	10	8	8	8	11	10	8	10	8	7	12	5	5	5	4	6	4	4	5	4	5	1
6	2	816	114	6	1	815	1	114t	8	12	13	10	12	11	8	8	9	11	12	12	9	10	8	8	8	11	10	8	10	8	7	12	5	5	5	4	6	4	4	5	4	5	1
6	2	817	114	4	1	114i	1	815	8	12	13	10	12	11	8	8	9	11	12	12	9	10	8	8	8	11	10	8	10	8	7	12	5	5	5	4	6	4	4	5	4	5	1
6	2	818	114	4	1	815	1	114t	8	12	13	10	12	11	8	8	9	11	12	12	9	10	8	8	8	11	10	8	10	8	7	12	5	5	5	4	6	4	4	5	4	5	1
6	2	819	115	4	1	115i	2	820	822	18	12	13	10	12	11	8	8	9	11	12	12	9	10	8	8	8	11	10	8	10	8	7	12	5	5	5	4	6	4	4	5	4	5	1
6	2	820	115	2	1	819	1	823	8	12	13	10	12	11	8	8	9	11	12	12	9	10	8	8	8	11	10	8	10	8	7	12	5	5	5	4	6	4	4	5	4	5	1
6	2	821	115	4	1	115i	1	822	8	12	13	10	12	11	8	8	9	11	12	12	9	10	8	8	8	11	10	8	10	8	7	12	5	5	5	4	6	4	4	5	4	5	1
6	2	822	115	7	2	819	821	1	823	10	13	11	10	12	12	13	7	12	11	13	10	10	12	8	10	12	10	12	11	11	8	11	8	5	6	6	4	5	5	5	5	6	5	2
6	2	823	115	7	3	820	822	825	1	115t	10	13	11	10	12	12	13	7	12	11	13	10	10	12	8	10	12	10	12	11	11	8	11	8	5	6	6	4	5	5	5	5	6	5	2
6	2	824	115	6	1	115i	1	825	10	13	11	10	12	12	13	7	12	11	13	10	10	12	8	10	12	10	12	11	11	8	11	8	5	6	6	4	5	5	5	5	6	5	2
6	2	825	115	6	1	824	2	823	826	10	13	11	10	12	12	13	7	12	11	13	10	10	12	8	10	12	10	12	11	11	8	11	8	5	6	6	4	5	5	5	5	6	5	2
6	2	826	115	3	1	825	1	115t	10	13	11	10	12	12	13	7	12	11	13	10	10	12	8	10	12	10	12	11	11	8	11	8	5	6	6	4	5	5	5	5	6	5	2
6	2	827	116	4	1	116i	1	828	10	13	11	10	12	12	13	7	12	11	13	10	10	12	8	10	12	10	12	11	11	8	11	8	5	6	6	4	5	5	5	5	6	5	2
6	2	828	116	4	1	827	1	831	10	13	11	10	12	12	13	7	12	11	13	10	10	12	8	10	12	10	12	11	11	8	11	8	5	6	6	4	5	5	5	5	6	5	2
6	2	829	116	4	1	831	1	116t	10	13	11	10	12	12	13	7	12	11	13	10	10	12	8	10	12	10	12	11	11	8	11	8	5	6	6	4	5	5	5	5	6	5	2
6	2	830	116	6	1	116i	1	831	10	13	11	10	12	12	13	7	12	11	13	10	10	12	8	10	12	10	12	11	11	8	11	8	5	6	6	4	5	5	5	5	6	5	2
6	2	831	116	7	3	828	830	834	3	829	832	835	10	13	11	10	12	12	13	7	12	11	13	10	10	12	8	10	12	10	12	11	11	8	11	8	5	6	6	4	5	5	5	5	6	5	2
6	2	832	116	6	1	831	1	116t	10	13	11	10	12	12	13	7	12	11	13	10	10	12	8	10	12	10	12	11	11	8	11	8	5	6	6	4	5	5	5	5	6	5	2
6	2	833	116	5	1	116i	1	834	10	13	11	10	12	12	13	7	12	11	13	10	10	12	8	10	12	10	12	11	11	8	11	8	5	6	6	4	5	5	5	5	6	5	2
6	2	834	116	5	1	833	1	831	10	13	11	10	12	12	13	7	12	11	13	10	10	12	8	10	12	10	12	11	11	8	11	8	5	6	6	4	5	5	5	5	6	5	2
6	2	835	116	5	1	831	1	116t	10	13	11	10	12	12	13	7	12	11	13	10	10	12	8	10	12	10	12	11	11	8	11	8	5	6	6	4	5	5	5	5	6	5	2
6	2	836	117	4	1	117i	2	837	839	10	13	11	10	12	12	13	7	12	11	13	10	10	12	8	10	12	10	12	11	11	8	11	8	5	6	6	4	5	5	5	5	6	5	2
6	2	837	117	2	1	836	1	840	10	13	11	10	12	12	13	7	12	11	13	10	10	12	8	10	12	10	12	11	11	8	11	8	5	6	6	4	5	5	5	5	6	5	2
6	2	838	117	1	1	117i	1	839	10	13	11	10	12	12	13	7	12	11	13	10	10	12	8	10	12	10	12	11	11	8	11	8	5	6	6	4	5	5	5	5	6	5	2
6	2	839	117	7	3	836	838	841	1	840	10	13	11	10	12	12	13	7	12	11	13	10	10	12	8	10	12	10	12	11	11	8	11	8	5	6	6	4	5	5	5	5	6	5	2
6	2	840	117	7	3	837	839	842	1	117t	11	10	7	9	10	9	8	12	10	12	9	12	9	12	12	9	8	12	13	9	11	10	12	12	5	4	5	5	6	5	6	6	5	5	0
6	2	841	117	5	1	117i	2	839	842	11	10	7	9	10	9	8	12	10	12	9	12	9	12	12	9	8	12	13	9	11	10	12	12	5	4	5	5	6	5	6	6	5	5	0
6	2	842	117	3	1	841	1	840	11	10	7	9	10	9	8	12	10	12	9	12	9	12	12	9	8	12	13	9	11	10	12	12	5	4	5	5	6	5	6	6	5	5	0
6	2	843	118	4	1	118i	1	844	11	10	7	9	10	9	8	12	10	12	9	12	9	12	12	9	8	12	13	9	11	10	12	12	5	4	5	5	6	5	6	6	5	5	0
6	2	844	118	4	1	843	1	847	11	10	7	9	10	9	8	12	10	12	9	12	9	12	12	9	8	12	13	9	11	10	12	12	5	4	5	5	6	5	6	6	5	5	0
6	2	845	118	6	1	847	1	118t	11	10	7	9	10	9	8	12	10	12	9	12	9	12	12	9	8	12	13	9	11	10	12	12	5	4	5	5	6	5	6	6	5	5	0
6	2	846	118	1	1	118i	1	847	11	10	7	9	10	9	8	12	10	12	9	12	9	12	12	9	8	12	13	9	11	10	12	12	5	4	5	5	6	5	6	6	5	5	0
6	2	847	118	7	3	844	846	849	2	845	848	11	10	7	9	10	9	8	12	10	12	9	12	9	12	12	9	8	12	13	9	11	10	12	12	5	4	5	5	6	5	6	6	5	5	0
6	2	848	118	4	1	847	1	118t	11	10	7	9	10	9	8	12	10	12	9	12	9	12	12	9	8	12	13	9	11	10	12	12	5	4	5	5	6	5	6	6	5	5	0
6	2	849	118	5	1	118i	1	847	11	10	7	9	10	9	8	12	10	12	9	12	9	12	12	9	8	12	13	9	11	10	12	12	5	4	5	5	6	5	6	6	5	5	0
