4
4	7	8	13	90	36
4	0	36	0	2	54	55
4	0	37	1	54	2	56	57
4	0	38	1	55	2	58	59
4	0	39	2	57	58	2	60	61	
4	0	40	1	56	1	62
4	0	41	2	61	59	1	63
4	0	42	3	56	60	63	1	64
4	0	43	1	59	1	65
4	0	44	2	62	60	1	66
4	1	54	1	36	0	1	37	3	384	386	389
4	1	55	1	36	0	1	38	3	391	394	397
4	1	56	1	37	1	54	2	42	40	3	398	400	403
4	1	57	1	37	1	54	1	39	3	404	406	409
4	1	58	1	38	1	55	1	39	3	411	414	417
4	1	59	1	38	1	55	2	43	41	3	418	420	423
4	1	60	1	39	2	57	58	2	42	44	3	425	428	431
4	1	61	1	39	2	57	58	1	41	3	432	434	437
4	1	62	1	40	1	56	1	44	3	439	441	444
4	1	63	1	41	2	61	59	1	42	3	446	449	452
4	1	64	1	42	3	56	60	63	0	3	453	455	458
4	1	65	1	43	1	59	0	3	460	462	465
4	1	66	1	44	2	62	60	0	3	467	469	472
4	2	384	54	2	1	54i	1	387	9	10	11	9	12	11	13	10	9	8	11	12	10	8	9	8	9	10	10	10	12	10	13	11	4	5	4	6	6	5	5	5	6	5	0
4	2	385	54	4	1	387	1	54t	9	10	11	9	12	11	13	10	9	8	11	12	10	8	9	8	9	10	10	10	12	10	13	11	4	5	4	6	6	5	5	5	6	5	0
4	2	386	54	4	1	54i	1	387	9	10	11	9	12	11	13	10	9	8	11	12	10	8	9	8	9	10	10	10	12	10	13	11	4	5	4	6	6	5	5	5	6	5	0
4	2	387	54	7	3	384	386	389	3	385	388	390	9	10	11	9	12	11	13	10	9	8	11	12	10	8	9	8	9	10	10	10	12	10	13	11	4	5	4	6	6	5	5	5	6	5	0
4	2	388	54	5	1	387	1	54t	9	10	11	9	12	11	13	10	9	8	11	12	10	8	9	8	9	10	10	10	12	10	13	11	4	5	4	6	6	5	5	5	6	5	0
4	2	389	54	3	1	54i	1	387	9	10	11	9	12	11	13	10	9	8	11	12	10	8	9	8	9	10	10	10	12	10	13	11	4	5	4	6	6	5	5	5	6	5	0
4	2	390	54	7	1	387	1	54t	9	10	11	9	12	11	13	10	9	8	11	12	10	8	9	8	9	10	10	10	12	10	13	11	4	5	4	6	6	5	5	5	6	5	0
4	2	391	55	4	1	55i	1	392	9	10	11	9	12	11	13	10	9	8	11	12	10	8	9	8	9	10	10	10	12	10	13	11	4	5	4	6	6	5	5	5	6	5	0
4	2	392	55	7	2	391	394	2	393	396	13	8	11	9	11	11	7	9	8	11	12	9	12	11	7	11	9	12	7	10	10	10	12	9	4	4	5	6	4	4	4	5	5	5	1
4	2	393	55	4	2	392	395	1	55t	13	8	11	9	11	11	7	9	8	11	12	9	12	11	7	11	9	12	7	10	10	10	12	9	4	4	5	6	4	4	4	5	5	5	1
4	2	394	55	6	1	55i	2	392	395	13	8	11	9	11	11	7	9	8	11	12	9	12	11	7	11	9	12	7	10	10	10	12	9	4	4	5	6	4	4	4	5	5	5	1	
4	2	395	55	5	2	394	397	2	393	396	13	8	11	9	11	11	7	9	8	11	12	9	12	11	7	11	9	12	7	10	10	10	12	9	4	4	5	6	4	4	4	5	5	5	1
4	2	396	55	5	2	392	395	1	55t	13	8	11	9	11	11	7	9	8	11	12	9	12	11	7	11	9	12	7	10	10	10	12	9	4	4	5	6	4	4	4	5	5	5	1
4	2	397	55	5	1	55i	1	395	13	8	11	9	11	11	7	9	8	11	12	9	12	11	7	11	9	12	7	10	10	10	12	9	4	4	5	6	4	4	4	5	5	5	1
4	2	398	56	1	1	56i	1	401	13	8	11	9	11	11	7	9	8	11	12	9	12	11	7	11	9	12	7	10	10	10	12	9	4	4	5	6	4	4	4	5	5	5	1
4	2	399	56	4	1	401	1	56t	13	8	11	9	11	11	7	9	8	11	12	9	12	11	7	11	9	12	7	10	10	10	12	9	4	4	5	6	4	4	4	5	5	5	1
4	2	400	56	4	1	56i	1	401	13	8	11	9	11	11	7	9	8	11	12	9	12	11	7	11	9	12	7	10	10	10	12	9	4	4	5	6	4	4	4	5	5	5	1
4	2	401	56	7	2	398	400	2	399	402	9	10	11	9	12	11	13	10	9	8	11	12	10	8	9	8	9	10	10	10	12	10	13	11	4	6	5	4	5	4	4	6	6	5	0
4	2	402	56	7	1	401	1	56t	9	10	11	9	12	11	13	10	9	8	11	12	10	8	9	8	9	10	10	10	12	10	13	11	4	6	5	4	5	4	4	6	6	5	0
4	2	403	56	3	1	56i	1	56t	9	10	11	9	12	11	13	10	9	8	11	12	10	8	9	8	9	10	10	10	12	10	13	11	4	6	5	4	5	4	4	6	6	5	0
4	2	404	57	5	1	57i	1	407	9	10	11	9	12	11	13	10	9	8	11	12	10	8	9	8	9	10	10	10	12	10	13	11	4	6	5	4	5	4	4	6	6	5	0
4	2	405	57	5	1	407	1	57t	9	10	11	9	12	11	13	10	9	8	11	12	10	8	9	8	9	10	10	10	12	10	13	11	4	6	5	4	5	4	4	6	6	5	0
4	2	406	57	6	1	57i	1	407	9	10	11	9	12	11	13	10	9	8	11	12	10	8	9	8	9	10	10	10	12	10	13	11	4	6	5	4	5	4	4	6	6	5	0
4	2	407	57	7	3	404	406	409	3	405	408	410	9	10	11	9	12	11	13	10	9	8	11	12	10	8	9	8	9	10	10	10	12	10	13	11	4	6	5	4	5	4	4	6	6	5	0
4	2	408	57	6	1	407	1	57t	9	10	11	9	12	11	13	10	9	8	11	12	10	8	9	8	9	10	10	10	12	10	13	11	4	6	5	4	5	4	4	6	6	5	0
4	2	409	57	4	1	57i	1	407	8	8	8	7	11	9	10	11	10	10	10	8	10	12	12	9	8	10	11	10	8	13	7	8	4	5	4	5	5	5	5	5	4	4	2	
4	2	410	57	4	1	407	1	57t	8	8	8	7	11	9	10	11	10	10	10	8	10	12	12	9	8	10	11	10	8	13	7	8	4	5	4	5	5	5	5	5	4	4	2
4	2	411	58	6	1	58i	1	412	8	8	8	7	11	9	10	11	10	10	10	8	10	12	12	9	8	10	11	10	8	13	7	8	4	5	4	5	5	5	5	5	4	4	2
4	2	412	58	6	2	411	414	2	413	416	8	8	8	7	11	9	10	11	10	10	10	8	10	12	12	9	8	10	11	10	8	13	7	8	4	5	4	5	5	5	5	5	4	4	2
4	2	413	58	4	2	412	415	1	58t	8	8	8	7	11	9	10	11	10	10	10	8	10	12	12	9	8	10	11	10	8	13	7	8	4	5	4	5	5	5	5	5	4	4	2
4	2	414	58	4	1	58i	2	412	415	8	8	8	7	11	9	10	11	10	10	10	8	10	12	12	9	8	10	11	10	8	13	7	8	4	5	4	5	5	5	5	5	4	4	2
4	2	415	58	7	2	414	417	2	413	416	8	8	8	7	11	9	10	11	10	10	10	8	10	12	12	9	8	10	11	10	8	13	7	8	4	5	4	5	5	5	5	5	4	4	2
4	2	416	58	6	2	412	415	1	58t	8	8	8	7	11	9	10	11	10	10	10	8	10	12	12	9	8	10	11	10	8	13	7	8	4	5	4	5	5	5	5	5	4	4	2
4	2	417	58	3	1	58i	1	415	10	13	11	10	12	12	13	7	12	11	13	10	10	12	8	10	12	10	12	11	11	8	11	8	5	6	6	4	5	5	5	5	6	5	2
4	2	418	59	1	1	59i	1	421	10	13	11	10	12	12	13	7	12	11	13	10	10	12	8	10	12	10	12	11	11	8	11	8	5	6	6	4	5	5	5	5	6	5	2
4	2	419	59	1	1	421	1	59t	10	13	11	10	12	12	13	7	12	11	13	10	10	12	8	10	12	10	12	11	11	8	11	8	5	6	6	4	5	5	5	5	6	5	2
4	2	420	59	4	1	59i	1	421	10	13	11	10	12	12	13	7	12	11	13	10	10	12	8	10	12	10	12	11	11	8	11	8	5	6	6	4	5	5	5	5	6	5	2
4	2	421	59	7	3	418	420	423	3	419	422	424	10	13	11	10	12	12	13	7	12	11	13	10	10	12	8	10	12	10	12	11	11	8	11	8	5	6	6	4	5	5	5	5	6	5	2
4	2	422	59	4	1	421	1	59t	10	13	11	10	12	12	13	7	12	11	13	10	10	12	8	10	12	10	12	11	11	8	11	8	5	6	6	4	5	5	5	5	6	5	2
4	2	423	59	6	1	59i	1	421	10	13	11	10	12	12	13	7	12	11	13	10	10	12	8	10	12	10	12	11	11	8	11	8	5	6	6	4	5	5	5	5	6	5	2
4	2	424	59	6	1	421	1	59t	10	13	11	10	12	12	13	7	12	11	13	10	10	12	8	10	12	10	12	11	11	8	11	8	5	6	6	4	5	5	5	5	6	5	2
4	2	425	60	4	1	60i	1	426	10	13	11	10	12	12	13	7	12	11	13	10	10	12	8	10	12	10	12	11	11	8	11	8	5	6	6	4	5	5	5	5	6	5	2
4	2	426	60	4	1	425	2	427	429	10	13	11	10	12	12	13	7	12	11	13	10	10	12	8	10	12	10	12	11	11	8	11	8	5	6	6	4	5	5	5	5	6	5	2
4	2	427	60	2	1	426	1	430	10	13	11	10	12	12	13	7	12	11	13	10	10	12	8	10	12	10	12	11	11	8	11	8	5	6	6	4	5	5	5	5	6	5	2
4	2	428	60	1	1	60i	1	429	8	11	8	10	10	12	10	9	11	11	10	9	8	11	9	7	12	8	10	11	9	11	9	11	5	4	4	6	4	5	4	6	5	5	0
4	2	429	60	4	2	426	428	1	430	8	11	8	10	10	12	10	9	11	11	10	9	8	11	9	7	12	8	10	11	9	11	9	11	5	4	4	6	4	5	4	6	5	5	0
4	2	430	60	7	2	427	429	1	60t	8	11	8	10	10	12	10	9	11	11	10	9	8	11	9	7	12	8	10	11	9	11	9	11	5	4	4	6	4	5	4	6	5	5	0
4	2	431	60	3	1	60i	1	60t	8	11	8	10	10	12	10	9	11	11	10	9	8	11	9	7	12	8	10	11	9	11	9	11	5	4	4	6	4	5	4	6	5	5	0
4	2	432	61	5	1	61i	1	435	8	11	8	10	10	12	10	9	11	11	10	9	8	11	9	7	12	8	10	11	9	11	9	11	5	4	4	6	4	5	4	6	5	5	0
4	2	433	61	5	1	435	1	61t	8	11	8	10	10	12	10	9	11	11	10	9	8	11	9	7	12	8	10	11	9	11	9	11	5	4	4	6	4	5	4	6	5	5	0
4	2	434	61	6	1	61i	1	435	8	11	8	10	10	12	10	9	11	11	10	9	8	11	9	7	12	8	10	11	9	11	9	11	5	4	4	6	4	5	4	6	5	5	0
4	2	435	61	7	3	432	434	437	3	433	436	438	8	11	8	10	10	12	10	9	11	11	10	9	8	11	9	7	12	8	10	11	9	11	9	11	5	4	4	6	4	5	4	6	5	5	0
4	2	436	61	6	1	435	1	61t	8	11	8	10	10	12	10	9	11	11	10	9	8	11	9	7	12	8	10	11	9	11	9	11	5	4	4	6	4	5	4	6	5	5	0
4	2	437	61	4	1	61i	1	435	8	11	8	10	10	12	10	9	11	11	10	9	8	11	9	7	12	8	10	11	9	11	9	11	5	4	4	6	4	5	4	6	5	5	0
4	2	438	61	4	1	435	1	61t	8	11	8	10	10	12	10	9	11	11	10	9	8	11	9	7	12	8	10	11	9	11	9	11	5	4	4	6	4	5	4	6	5	5	0
4	2	439	62	2	1	62i	1	442	8	12	13	10	12	11	8	8	9	11	12	12	9	10	8	8	8	11	10	8	10	8	7	12	5	5	5	4	6	4	4	5	4	5	1
4	2	440	62	4	1	442	1	62t	8	12	13	10	12	11	8	8	9	11	12	12	9	10	8	8	8	11	10	8	10	8	7	12	5	5	5	4	6	4	4	5	4	5	1
4	2	441	62	4	1	62i	1	442	8	12	13	10	12	11	8	8	9	11	12	12	9	10	8	8	8	11	10	8	10	8	7	12	5	5	5	4	6	4	4	5	4	5	1
4	2	442	62	7	3	439	441	444	3	440	443	445	8	12	13	10	12	11	8	8	9	11	12	12	9	10	8	8	8	11	10	8	10	8	7	12	5	5	5	4	6	4	4	5	4	5	1
4	2	443	62	5	1	442	1	62t	8	12	13	10	12	11	8	8	9	11	12	12	9	10	8	8	8	11	10	8	10	8	7	12	5	5	5	4	6	4	4	5	4	5	1
4	2	444	62	3	1	62i	1	442	8	12	13	10	12	11	8	8	9	11	12	12	9	10	8	8	8	11	10	8	10	8	7	12	5	5	5	4	6	4	4	5	4	5	1
4	2	445	62	7	1	442	1	62t	8	12	13	10	12	11	8	8	9	11	12	12	9	10	8	8	8	11	10	8	10	8	7	12	5	5	5	4	6	4	4	5	4	5	1
4	2	446	63	4	1	63i	1	447	8	12	13	10	12	11	8	8	9	11	12	12	9	10	8	8	8	11	10	8	10	8	7	12	5	5	5	4	6	4	4	5	4	5	1
4	2	447	63	7	2	446	449	2	448	451	8	12	13	10	12	11	8	8	9	11	12	12	9	10	8	8	8	11	10	8	10	8	7	12	5	5	5	4	6	4	4	5	4	5	1
4	2	448	63	4	2	447	450	1	63t	8	12	13	10	12	11	8	8	9	11	12	12	9	10	8	8	8	11	10	8	10	8	7	12	5	5	5	4	6	4	4	5	4	5	1
4	2	449	63	6	1	63i	2	447	450	8	12	13	10	12	11	8	8	9	11	12	12	9	10	8	8	8	11	10	8	10	8	7	12	5	5	5	4	6	4	4	5	4	5	1
4	2	450	63	5	2	449	452	2	448	451	8	12	13	10	12	11	8	8	9	11	12	12	9	10	8	8	8	11	10	8	10	8	7	12	5	5	5	4	6	4	4	5	4	5	1
4	2	451	63	5	2	447	450	1	63t	10	13	11	10	12	12	13	7	12	11	13	10	10	12	8	10	12	10	12	11	11	8	11	8	5	6	6	4	5	5	5	5	6	5	2
4	2	452	63	5	1	63i	1	450	10	13	11	10	12	12	13	7	12	11	13	10	10	12	8	10	12	10	12	11	11	8	11	8	5	6	6	4	5	5	5	5	6	5	2
4	2	453	64	5	1	64i	1	456	10	13	11	10	12	12	13	7	12	11	13	10	10	12	8	10	12	10	12	11	11	8	11	8	5	6	6	4	5	5	5	5	6	5	2
4	2	454	64	5	1	456	1	64t	10	13	11	10	12	12	13	7	12	11	13	10	10	12	8	10	12	10	12	11	11	8	11	8	5	6	6	4	5	5	5	5	6	5	2
4	2	455	64	6	1	64i	1	456	10	13	11	10	12	12	13	7	12	11	13	10	10	12	8	10	12	10	12	11	11	8	11	8	5	6	6	4	5	5	5	5	6	5	2
4	2	456	64	7	3	453	455	458	3	454	457	459	10	13	11	10	12	12	13	7	12	11	13	10	10	12	8	10	12	10	12	11	11	8	11	8	5	6	6	4	5	5	5	5	6	5	2
4	2	457	64	6	1	456	1	64t	10	13	11	10	12	12	13	7	12	11	13	10	10	12	8	10	12	10	12	11	11	8	11	8	5	6	6	4	5	5	5	5	6	5	2
4	2	458	64	4	1	64i	1	456	10	13	11	10	12	12	13	7	12	11	13	10	10	12	8	10	12	10	12	11	11	8	11	8	5	6	6	4	5	5	5	5	6	5	2	
4	2	459	64	4	1	456	1	64t	10	13	11	10	12	12	13	7	12	11	13	10	10	12	8	10	12	10	12	11	11	8	11	8	5	6	6	4	5	5	5	5	6	5	2
4	2	460	65	5	1	65i	1	463	11	10	7	9	10	9	8	12	10	12	9	12	9	12	12	9	8	12	13	9	11	10	12	12	5	4	5	5	6	5	6	6	5	5	0
4	2	461	65	5	1	463	1	65t	11	10	7	9	10	9	8	12	10	12	9	12	9	12	12	9	8	12	13	9	11	10	12	12	5	4	5	5	6	5	6	6	5	5	0
4	2	462	65	6	1	65i	1	463	11	10	7	9	10	9	8	12	10	12	9	12	9	12	12	9	8	12	13	9	11	10	12	12	5	4	5	5	6	5	6	6	5	5	0
4	2	463	65	7	3	460	462	465	3	461	464	466	11	10	7	9	10	9	8	12	10	12	9	12	9	12	12	9	8	12	13	9	11	10	12	12	5	4	5	5	6	5	6	6	5	5	0
4	2	464	65	6	1	463	1	65t	11	10	7	9	10	9	8	12	10	12	9	12	9	12	12	9	8	12	13	9	11	10	12	12	5	4	5	5	6	5	6	6	5	5	0
4	2	465	65	4	1	65i	1	463	11	10	7	9	10	9	8	12	10	12	9	12	9	12	12	9	8	12	13	9	11	10	12	12	5	4	5	5	6	5	6	6	5	5	0
4	2	466	65	4	1	463	1	65t	11	10	7	9	10	9	8	12	10	12	9	12	9	12	12	9	8	12	13	9	11	10	12	12	5	4	5	5	6	5	6	6	5	5	0
4	2	467	66	5	1	66i	1	470	11	10	7	9	10	9	8	12	10	12	9	12	9	12	12	9	8	12	13	9	11	10	12	12	5	4	5	5	6	5	6	6	5	5	0
4	2	468	66	5	1	470	1	66t	11	10	7	9	10	9	8	12	10	12	9	12	9	12	12	9	8	12	13	9	11	10	12	12	5	4	5	5	6	5	6	6	5	5	0
4	2	469	66	6	1	66i	1	470	11	10	7	9	10	9	8	12	10	12	9	12	9	12	12	9	8	12	13	9	11	10	12	12	5	4	5	5	6	5	6	6	5	5	0	
4	2	470	66	7	3	467	469	472	3	468	471	473	11	10	7	9	10	9	8	12	10	12	9	12	9	12	12	9	8	12	13	9	11	10	12	12	5	4	5	5	6	5	6	6	5	5	0
4	2	471	66	6	1	470	1	66t	11	10	7	9	10	9	8	12	10	12	9	12	9	12	12	9	8	12	13	9	11	10	12	12	5	4	5	5	6	5	6	6	5	5	0
4	2	472	66	4	1	66i	1	470	11	10	7	9	10	9	8	12	10	12	9	12	9	12	12	9	8	12	13	9	11	10	12	12	5	4	5	5	6	5	6	6	5	5	0
4	2	473	66	4	1	470	1	66t	11	10	7	9	10	9	8	12	10	12	9	12	9	12	12	9	8	12	13	9	11	10	12	12	5	4	5	5	6	5	6	6	5	5	0